796489 910767
85371 230974
663797 185217
140945 399307
798960 103283
453578 316195
681451 613717
74129 146233
126481 500621

264530 449770
79864 680712
180481 40703
292674 463435
681731 471247
787606 893672
166205 249218
663222 521995
13176 626864
707582 731700
477358 611367
342712 634687
960564 671179
626782 122975
369667 589400
865645 9513

263012 664388
656034 748172
683768 587455
227540 922783
967649 350492
438061 258707
201745 116873
592454 313799
263597 154810
647390 860667
202269 991717
855415 663324
582387 888038
332942 595965
494197 436482
192693 585703
718792 520456
740558 598663
616827 47699
565542 922565
650094 234669
244779 146806
715102 332430
702476 436263
155342 201154
638252 10650
477074 925672
268098 384525
770555 423382
369487 521781
302362 67930
280253 302154
131443 227420
256337 882108
259648 844511
945357 265667
242078 669414
241061 366164
454104 290419
890779 924143
619471 936554
876281 578581
867459 82965
825259 707735

228480 155009
750710 738634
535463 433093
308185 922711
232664 485730
105150 486767
618105 939078
965661 879003
865254 817323
766062 160945
256053 119709
92040 423970
927716 439256
418395 133297
602081 867599
237063 459966
852534 172233
662679 370048
872272 303334
348637 559954
104362 891328
866154 630564
874907 608685
438570 485586
58360 70816
904538 341137
186663 740655
804008 152710

90177 397999
551334 722033
589283 377659
538345 60038
68818 712148
342020 903964
398792 470562
259100 402814
935135 601369
176232 949024
567577 507447
867976 912620
754186 230889
269374 230009
583330 91405
852045 829789
500699 12498
262509 757017
868219 584188
650983 830579
725702 49028
390419 640225
238788 83932
397612 674017
477098 192336
984973 517862
137192 464200
404043 97580
781326 542634
737902 14380
999260 494108
388876 258923
833380 440871

907332 962350
301662 601783
620372 199048
767624 595071
691800 764627
635960 866553
862304 369853
912192 877515
811628 257722

877116 981381
440838 148567
436346 878407
145468 10607
502855 804736
780153 465078
317586 26385
945663 835570
252288 498384
137028 536522
530059 954280
1 1
