1 10
100 200
201 210
900 1000
01 10
1 1
1 2
2 1
10 1
2048 2048
2048 2049
2048 4096
4096 2048
1 499999
499999 1
500000 999999
999999 500000
999999 100000
123456 789101
987654 321012
1 999999
999999 1
999999 999999
100 101
101 100
5415 6498
1235 78925
154621 156876
789557 465789
546875 468916
161015 876510
104149 491023
416876 578041
987651 686504
987645 651654
658798 167700
945612 354078
987045 654987
1 100
101 200
201 300
301 400
401 500
501 600
601 700
701 800
801 900
901 1000
1001 2000
2001 3000
3001 4000
4001 5000
5001 6000
6001 7000
7001 8000
8001 9000
9001 10000
10001 20000
20001 30000
30001 40000
40001 50000
50001 60000
60001 70000
70001 80000
80001 90000
90001 100000
100001 200000
200001 300000
300001 400000
400001 500000
500001 600000
600001 700000
700001 800000
800001 900000
900001 999999
1 1000
100 10000
10000 100000
100000 999999
867 5309
123 321
50 100
100 150
468 7894
64665 123456
52 10005
6871 3013
456 457
457 458
458 459
459 460
460 461
461 462
462 463
463 464
464 465
456 465
10 20
20 30
30 40
40 50
50 60
60 70
70 80
80 90
90 100
10 100
789453 165454
999999 999998
999998 999999
700000 700000
700001 700001
700000 700001
700001 700000
198704 984065
613160 156464
123123 123456
687613 156873
498732 654687
464565 512354
