1 10
100 200
201 210
900 1000
10 1

123456 123457
1 1
2 2


5 5
30000 30010
999999 1000000
1000 2000
1500 3000
2000 3000

1234 12345
12346 12349
9876 98765
87654 87659
998240 998250
166511 166515
166515 166511
195019 195016
195016 195019
903555 903560
903560 903555
725519 725519

99999 99999
2222 2223
22223 22240
725519 725560
466647 466680
844820 756809
75914 752905
384662 215792
228149 119092
582617 273688
233860 748037
628342 887117
4717 2296
788183	652272
448229	222837
26486	256947
659492	125431
980767	832073
2956	753996
878131	310490
342921	602448
286800	272744
116400	475541
11246	506656
310578	421309
536550	530775
484989	448051
217058	391480
577558	186832
570568	897470
246955	475687
665414	2995
69747	465120
266186	301649
651864	806795
444332	174296
31273	156926
3621	977246
883573	296018
198674	764770
770335	836534
455670	371790
126282	45951
647381	948410
280874	62133
41628	763533
798978	369371
582529	23780
643807	981216
465027	603834
307343	977808
785565	470021
951345	851176
647335	935660
540575	842392
676714	144910
396582	997821
741602	88378
377961	869231
492619	279586
517958	648127
135537	503025
150557	541501
500646	583700
768155	374757
762579	394689
940565	184273
921343	807113
421019	271744
806582	235606
564877	324065
371622	851528
283672	402455
639570	105519
297587	798833
540801	314339
971532	575677
53217	155133
499806	159304
766225	453547
845668	669719
79074	526649
366880	651180
73469	249420
508297	217760
924951	163346
109930	681335
558841	428474
300862	87346
325837	459388
543130	325236
828033	647668
12099	113831
191704	198058
667846	463368
472998	333219
860437	667837
906580	993009
482151	326617
607223	790576
566762	352867
241842	256749
782430	566526
431293	46038
675121	685107
58217	390138
638659	735365
334399	422983
787664	750678
960150	526855
851742	793373
58841	751174
346847	611310
