35465 66035
34475 78896
50644 82189
12964 40805
21525 30335
32317 53487
7461 68093
41982 93852
88515 94695
6652 34177
12247 47493
77960 83569
25197 58047
24301 74260
70964 72821
64166 73390
35906 95512
94051 97867
80436 92575
95111 98363
7865 47935
27981 42654
68191 70750
84446 89452
70072 83785
77639 81755
51021 95854
70367 82261
70908 92952
69857 71973
18801 70772
93727 97419
82728 92608
43509 46918
72830 90767
38274 60446
43495 44845
89617 92673
30614 35508
52129 99661
72651 97841
28484 55452
82638 98009
17342 43049
10170 27289
29299 32959
43652 81581
77759 93775
52322 71227
99574 99902
42572 47913
92196 93448
58889 87171
36941 49356
41774 53136
80726 95732
82296 93232
209 75499
26608 27347
94972 96539
13878 98580
81403 94821
98610 99806
75928 98551
20429 64228
16061 18700
30303 74196
83470 85934
60723 79015
33446 93417
98362 98996
7832 14736
36657 64172
22778 32506
54345 82265
79623 87887
90883 97200
21320 74142
81663 92741
24776 57549
38136 99239
98067 99618
75717 93154
43967 75856
66574 72367
32462 82880
6965 40714
73009 75828
64358 86226
94961 98516
50612 88169
7356 77485
88435 93339
78660 87681
50720 62002
51985 66608
67637 82731
75408 79108
46395 99667
77915 88347