1 10
100 200
201 210
900 1000
1 1
999999 999999
1 999999
891178 972582
508847 728257
524188 807915
110605 553726
428065 693413
236323 520631
259843 328769
692650 883474
405498 543839
628475 650572
160512 280446
39697 736923
289245 368304
82805 676431
697749 851300
773762 874804
257235 414683
186563 565783
372623 783570
649864 783045
83548 344344
198354 542167
274891 440948
648875 973830
53123 976930
114230 162712
522726 785032
481135 667251
580221 948798
198257 945231
748879 954772
96374 137870
604259 731381
306775 899963
122952 564685
32331 994422
243730 574438
220838 938736
637979 895255
340391 636264
172455 344607
266156 780272
103439 436599
97064 362318
422831 669863
339918 858034
724967 978677
152973 844484
372962 863708
283962 497019
574758 892181
47490 634346
72664 500948
521878 975913
729472 960528
409139 678885
405729 965464
231961 471080
486077 987452
648693 752991
245962 421413
167425 678412
524731 680847
140327 615555
483127 836596
484109 720352
3886 526889
128419 607653
645342 817713
723696 919889
128930 860590
420199 946177
151269 276858
243618 585723
27511 903203
130841 335402
736941 842484
93170 181249
105305 721761
460303 681456
330982 922939
480377 720470
32454 990597
261276 366782
178928 335378
144857 653324
379024 678028
465168 765621
146609 844427
261218 399032
132637 618380
240722 511896
58336 683309
679427 935808
594179 923377
173863 337230
72304 841610
179303 430567
445807 647850
220882 358728
