1 10
100 200
201 210
900 1000
1 1000000
1000000 1
174218 727017
995418 687328
940640 95974
146491 203195
710040 126971
210456 101092
151215 384302
486026 719622
926641 608264
222391 264006
842360 473073
561825 803892
821650 3431
268056 365582
807809 384859
46352 20779
589659 980520
323789 493195
543826 30320
544571 537208
334 352277
615386 695640
329526 950609
192534 124690
780622 910131
619316 104603
757755 594295
239785 111516
455393 690496
478789 77506
645293 896180
910988 197921
858734 494708
464997 951622
938654 941751
800492 625112
102271 756162
717858 25577
752737 461062
244548 102687
523200 483989
574713 717369
359370 138626
429668 300224
413693 380437
369370 854413
481839 192808
757165 812657
3432 339042
483303 64900
283241 322829
999059 322509
235088 987157
124341 880395
869715 141855
374297 125854
58218 36867
595784 62293
637257 490024
612760 388693
347467 851515
585499 757282
987370 901324
860215 742029
205611 118533
752598 42106
665623 385543
877683 363661
733091 15266
605141 889969
551537 746417
515353 806340
789423 611472
497255 696674
998365 992764
350407 653133
389037 378949
456012 814006
708035 508338
867822 663146
562268 902385
5558 499868
290827 240889
755538 631243
836765 257534
262536 547152
94302 623184
651335 114502
132853 645777
997017 711190
257642 33489
579382 529501
307080 465608
637810 25981
636382 288559
232661 283453
52127 10043
198667 761950
998889 962551
81522 97211
32547 156540
957137 441051
406591 681232
555369 183959
889439 309977
162083 439458
183827 165692
331560 443258
597505 609111
177360 841834
131422 165143
374002 577721
37144 43638
589018 672435
51862 433108
826520 235089
232151 829745
472693 115783
385015 224517
554561 706859
696400 764540
159240 715645
865021 600209
234211 890263
284794 781766
116138 774706
668775 466173
186183 289938
230059 712439
143334 507727
768117 754214
494472 168770
794910 40944
128439 205320
219691 618563
21716 850486
691694 891855
535884 872857
628939 483429
434601 634536
273752 914218
741572 682889
489758 809655
825112 670844
942141 550865
478899 304040
360236 472000
363270 38016
128029 824334
391515 906386
109822 727645
924773 764076
486172 465317
158387 871339
201186 894346
756159 837025
58880 91926
865571 30498
564199 237464
645419 833195
215216 781336
398341 316400
718300 137525
507989 257089
777014 110558
871525 916760
40021 217129
783354 221441
185278 210259
778754 102054
32678 629333
278953 366646
722516 820767
585034 811506
903141 961459
677250 342676
168489 685153
792801 540316
749611 944091
504890 637240
61327 580212
315162 391503
97555 724409
839637 657578
718456 851372
709755 803711
701562 320217
217130 780700
3194 391000
266173 133676
316093 522078
57506 491945
295053 536447
138954 103327
310973 987012
237881 984089
651146 911780
982973 880938
39645 862307
348923 988249
