0 1000000
999990 1000000
23457 23457
23458 19862
3547 45698
9856 5867
2895 23468
234577 234657
110000 600998
92890 878963
443819 46079
571695 14701
780503 907182
177549 157405
325202 974361
246074 124332
383472 142029
67 47
740764 749950
155844 650562
548127 855140
763706 514444
631870 598591
585548 957893
891376 511353
712951 512543
560571 864484
501360 22571
42159 135816
561527 777712
764454 661612
924704 144206
682708 876399
312548 268935
265529 571857
446870 530075
89364 558
567 238459
941755 946019
446502 707407
212755 935098
874323 558455
560400 737637
546600 762866
510858 385588
661809 299881
864747 791949
808059 686987
534877 181248
449118 907317
354777 812955
877122 451709
283553 998144
5 5
405821 778942
131533 543493
499834 625092
902839 812905
343523 299807
810446 835507
376661 731661
419245 73905
217633 770680
558161 397858
598073 282116
486885 463420
636292 530952
534010 302912
929905 85665
744410 239232
508096 920561
2345 458
520487 877595
190433 934918
914869 451843
733736 269972
16262 614834
947612 267141
46591 417228
173418 193556
450207 808252
53990 814698
297071 477344
58253 411319
416680 287101
552139 870364
487845 812
964123 664060
703598 480086
540460 736383
576 2385
613440 470360
826930 183364
670513 693848
626328 814994
578525 4020
398155 113853
606282 521519
675906 711041
778998 776998
262681 651790
56447 458636
642500 466676
499953 67920
917794 653016
761145 612035
51652 689990
37304 782130
790323 940418
190409 648194
312762 42863
367812 569901
509231 954822
185215 549416
862977 630669
8545 658257
49097 643131
467035 727459
74522 691093
262514 599115
728234 457782
915828 1626
604312 409972
557445 177388
370377 742133
501515 124095
709892 662834
896520 75498
852485 257891
253488 604755
773510 684481
937276 215132
714300 867663
386724 366039
458 4598
135298 192870
551043 729011
731436 49970
486 865225
828432 712145
723721 578594
232039 127910
943374 566171
901762 80726
456738 904381
205065 693383
675023 161134
611655 819056
930303 339656
525471 62399
523687 793077
302757 45570
641408 529148
857968 338879
256427 1515
569103 741303
751744 407251
751241 292063
461651 461170
775142 964388
512459 250708
546208 68429
157489 857119
390030 391267
962197 825199
237033 432316
446616 258568
184346 302712
790814 869226
668064 795261
139992 473811
86574 345
432524 353124
3477 731949
523544 488144
867698 457912
275952 355707
184872 585746
971578 869425
4680 784324
250917 617911
127763 891247
773675 943128
711851 87792
440021 658509
71258 231579
80412 749340
256952 833768
232193 28336
329621 375585
929834 986278
692486 982958
7491 449748
258227 621260
101157 656237
864314 225976
318162 346463
932297 769796
3716 526456
27864 9
