47013 65584
18143 26953
2849 99793
90134 96612
49925 74443
83142 91190
24331 24963
30018 45654
42538 58494
70458 83030
25321 75988
41800 55454
56805 96534
40575 80213
65610 68047
44764 94915
71315 97818
38199 47130
2347 59677
97881 99034
80125 85649
4100 55429
66111 83996
60162 73396
44208 85905
45098 47772
83937 90721
46462 80462
73904 88520
69587 74912
76716 89261
12403 44796
97588 99175
63908 65002
1912 37429
29544 94717
48617 79055
16909 45775
58066 64865
66050 92636
62274 94306
14498 22827
92175 95495
64612 81061
40438 77643
27798 33294
18894 51442
15582 71150
33828 77203
59037 82875
61275 83305
20371 67400
64452 92349
55250 71128
89820 91297
54826 75820
76738 92320
81842 83584
80105 90736
9107 22255
98218 98533
73992 95533
3762 59920
46764 69132
68577 87231
9964 54083
79504 98104
26620 75065
97605 99989
53653 59395
66184 85915
20631 52445
66766 92820
14639 95793
72915 97577
31553 96382
38722 69885
70133 74901
97903 99076
42822 98430
82217 92182
27895 97880
89762 97520
32249 76270
50672 88462
49368 62828
52864 78344
61602 81116
46270 73836
20864 97383
5083 67995
79454 98272
882 86715
62766 66662
28 12846
37589 69243
41175 92832
30640 72621
73330 97434
49667 50271