0 0
1 1
20 40
22 25
55 5999
14 41290
41419 4
0 1000000
451919 966590
795237 797769
228854 901857
356018 965137
900499 934451
331463 558298
677995 689309
931369 932041
13473 930352
599309 984984
393261 832391
144680 938464
431315 663644
836720 629014
832384 727850
353236 955152
573544 664178
439239 754775
119514 965788
60095 712276
931517 842870
445502 914258
761802 623154
608211 563027
538951 958604
178971 901326
410017 887994
715516 774879
295859 918139
197396 846599
207160 972109
217259 650683
380595 898703
100378 616074
681297 917752
42730 860450
244446 840507
957792 783920
86640 890359
376508 822155
816458 764670
649664 852488
117404 814780
597716 904076
819613 954734
658401 926116
814231 899039
296814 908526
818942 828013
398397 926927
987148 695006
499142 913216
951819 962063
196268 767376
733717 887311
312640 814962
275442 839018
729005 826980
424377 843622
551978 899286
863539 893740
469005 869531
690765 939638
505212 855514
321679 798086
798751 889263
612941 552033
134985 494158
61232 717673
676850 738128
60240 625044
392113 983959
572454 368162
318638 666846
70409 823060
189342 952284
670743 891285
333659 993183
846715 838315
780087 686193
856912 988576
195694 813435
478595 873058
292564 964571
832831 923024
619698 716121
134919 873562
404624 984207
845532 986615
200970 343473
489631 997108
721472 929049
308726 795573
596868 935707
986587 742765
997227 960044
617187 942220
761405 939998
132176 983517
297641 890869
942000 838910
734529 834658
87783 511889
74440 879391
459562 689718
344023 745852
264093 528737
469405 802945
689752 857876
111731 904747
166327 915844
536109 976541
494733 829975
598290 990090
158970 783627
297893 844145
230044 942617
594586 879036
605342 944311
463506 945650
994043 879543
6953 740770
157078 975627
544597 870085
210848 952968
206144 498469
313621 843652
195622 939262
466966 835273
516994 998761
218176 928542
716576 903969
333966 974771
345784 915188
709184 583350
683487 805939
468585 917765
388302 491993
918836 949992
330224 950754
166135 959440
761654 989202
841824 904447
769134 546990
58771 731445
404691 798232
663628 799163
889843 983438
436493 603641
684516 716926
86190 805653
644346 908274
414240 758689
819597 971381
364575 995080
353597 579831
782010 967635
221402 948525
600354 980989
789464 925483
386992 840514
990920 676208
257042 983642
502968 957868
919677 607207
885796 804109
61379 804809
887230 960568
214408 987809
775252 877856
482284 864453
856501 854051
101718 699911
371637 916927
364098 710784
39113 945049
70851 806152
126296 905839
820576 870395
92148 918822
65217 974286
583089 856716
87439 640852
154494 802426
221059 925445
728573 997344
116903 633694
391581 698155
801757 890802
690415 866737
465242 663148
403650 851132
968206 963424
441520 949304
420735 946946
383262 792523
105891 993396
150882 901775
743365 706057
984244 790858
471718 890667
888174 885291
496732 776280
858215 508349
437229 763578
999466 996901
979879 915526
538337 949018
790475 985015
88144 648077
240510 780039
258286 765269
558975 550434
159806 958536
855058 965157
140958 945152
373210 650407
465999 714776
795873 828412
842398 927759
317397 910378
785651 909716
943069 679495
429019 809615
749253 896983
373051 904538
170574 843129
891081 843771
749790 849882
538854 801008
926255 781704
99234 975445
303984 836892
633702 641658
478381 660556
798102 903694
328631 915963
247205 757447
713169 590555
107229 919588
328027 994086
63121 990163
735500 870385
490585 979745
591458 675999
876849 652303
195527 561157
236986 870487
324808 662351
511211 993372
721059 642186
144938 753726
689277 724985
785135 913434
344109 963504
739049 953503
391931 969549
727825 995851
419742 641856
351706 746230
13549 759003
629455 734339
922161 906934
260113 722763
807333 929828
894996 980678
292023 734400
507503 987220
262844 638762
191761 554755
657825 985887
346433 961544
427087 944926
617632 864552
410846 826984
905134 779206
383194 732760
77396 669294
834321 911907
744948 961777
360054 759617
739329 872872
356568 714785
616176 931065
166126 802693
250591 982306
783337 572305
59343 795540
624278 876120
333916 893314
899432 920427
985719 715440
359988 759288
978988 764370
390784 970111
155156 982156
398686 442651
997043 843914
415440 552615
995289 963187
643574 940500
138852 970741
554078 630109
645753 964032
423176 894027
855346 933737
811580 551964
166277 696040
713063 977044
419216 825893
741938 577912
197090 980405
756134 890120
181995 821713
54565 902316
698463 702464
763640 996368
737988 923526
771379 928786
564747 946167
318075 717890
698931 760315
827210 966622
909062 948223
571371 899614
148169 793251
227552 938516
715020 815581
729185 957000
548689 645725
879266 666865
503452 896437
918793 666915
239566 997053
590253 911316
914213 851918
568307 820517
751682 958338
324094 849541
543849 838103
379314 511902
779847 999596
548202 767909
758698 906089
29690 985721
530744 876036
419352 934717
692389 576353
612689 969865
161436 859062
87831 561138
585636 789392
762167 977788
254628 979875
310203 977308
762366 915015
488827 952311
120198 689489
890345 879904
206833 805104
640384 923723
12646 719664
762851 803924
982072 507586
160909 982970
51851 806882
300769 946173
532884 727212
48484 988337
19035 926868
679823 984407
64640 726227
87608 940633
651996 999655
730778 728926
177794 712787
558046 961890
431788 576344
627770 733966
694500 977702
568997 915045
907171 912784
946288 351636
426571 649876
383765 958154
534200 820433
882625 921084
435161 809676
577020 936913
124111 993985
567611 926771
534483 920773
960173 636675
30511 906138
593034 998203
137237 854357
386253 939929
792708 945756
583661 638192
222194 615582
467132 872412
215015 992731
25633 685235
667849 755105
886582 965856
236046 959000
455381 952535
234235 986426
228882 943505
812588 398266
937323 828571
837784 735324
1000000 0
691483 898507
64832 946032
982115 846319
283193 845897
580858 728868
840986 721142
915672 942050
838945 956495
669784 816773
286590 898651
604954 816476
144617 904660
425022 992502
634478 987416
875289 751188
327692 818038
503671 924045
649756 788887
708031 916559
878613 871867
918811 675611
445427 769747
144865 978645
389520 823079
787491 997785
796632 962658
897573 999113
89728 891601
927627 947186
387305 945711
798832 754708
73063 986804
347138 550752
554917 735383
313853 635844
788454 764628
80771 969188
373241 683021
49631 866969
407984 937746
893500 988342
388960 587166
536899 697716
394614 756602
32864 961753
544088 993059
526830 976908
682265 794975
184090 635756
514672 532688
365170 897991
413085 810892
308928 873343
525949 728078
102861 819561
674071 942277
831664 978549
892485 799187
44802 949110
348696 630775
841612 921448
429649 959832
478766 872919
622018 941832
795292 807620
2584 867459
127867 697431
926658 926409
701010 542121
300206 926777
890694 991467
393767 934655
543134 750861
813757 847960
579802 755886
997451 881296
909548 403399
670346 926587
86912 903266
726463 951529
954586 828029
943714 917473
217661 923106
258956 909887
281731 987728
807422 941960
99999 99991
821307 738913
726697 991058
