563543	126673
80205	114801
208107	948309
516476	203010
96699	195516
352222	592399
653847	77422
314591	506909
923406	837496
254075	505680
979398	137329
566018	336516
77304	714672
163705	297181
295338	120284
985102	637853
662126	745739
636893	818088
190788	927155
307876	140422
74124	556703
7731	242711
940199	999818
918056	69092
427748	854453
366623	650457
380365	588444
25818	69375
387629	768934
534186	38714
130379	27457
837680	719919
935991	882584
148689	72422
121900	229733
806346	645269
924197	471393
762453	403649
931856	479336
854901	4952
749826	412735
740569	719478
414112	733099
954190	238283
612904	85339
663553	30988
954362	550579
376714	953145
257889	607920
602957	803725
673959	138156
110660	972245
936501	172283
79880	394529
663225	358215
335788	531189
869767	971195
95007	802151
943725	441684
836991	408421
32160	559962
707377	303758
419853	65919
636552	370967
709901	50277
421000	4013
930496	779542
977918	222334
626262	930894
280558	346188
504167	586491
504166	978961
118900	545737
291704	533022
379276	599254
