9250 9597
1777 8859
2685 6931
5661 7556
4802 6632
3609 9226
6593 6608
1672 8345
8492 9309
1950 5149
4576 8731
8514 9944
8417 9825
8313 9729
3067 5298
7860 8126
7169 9141
3046 6004
4457 8520
1673 5756
7148 9793
2340 5671
4560 5947
4529 7880
6511 8976
1698 7845
7760 9067
7069 7903
1691 9257
7672 8582
3939 5388
1470 9236
881 7193
4084 5396
1507 4120
6147 9150
6332 7362
6634 8282
9512 9942
4213 6906
3643 9817
1092 1961
646 1842
743 7047
7515 9396
3938 8908
7674 7977
6653 6997
4600 5470
5101 9941
8679 9383
9687 9907
8817 9366
7827 9852
1190 5295
5353 7465
5679 9628
4765 6870
9660 9940
9202 9963
1326 5343
5860 7278
5176 6682
3273 4172
4563 7311
6202 7436
8462 9548
1844 6686
4083 6947
9192 9738
6750 7546
3652 3704
2646 4623
7700 9300
3924 7264
8656 9650
8012 8039
4779 8361
4807 8877
3133 9680
7323 9064
9799 9915
3680 6194
7467 7911
9252 9595
2242 4631
8886 9138
408 5405
4693 6486
3890 8915
9251 9817
4860 7267
7745 9500
2005 2666
4840 6688
3369 3658
1372 2074
2000 8323
9348 9353
7656 7661
5691 7768
2169 6125
7053 9045
6069 8241
6498 9372
9590 9922
233 743
3794 8494
7223 9636
9937 9988
9439 9916
7171 8276
7630 7680
2691 2739
7217 7718
7157 9610
9927 9997
6432 8745
5201 9652
7758 9069
5077 7344
5703 6348
3705 8930
3853 5121
2014 8760
6179 8013
4681 8981
5711 8000
5361 7951
3021 9143
3709 4084
5794 7809
1234 7549
8293 9231
2615 4895
4241 9976
7680 8896
4240 7818
6632 7916
6215 6827
5399 6878
8794 9701
2282 4881
1062 7833
4296 6672
4230 8408
7882 8394
2171 7004
6699 9769
9763 9861
4425 5612
3847 7090
9436 9542
7072 8675
4877 9791
1531 5153
4073 6610
7164 7400
5007 7996
6158 7386
5911 6355
1217 6051
1229 6934
6146 9815
1941 6523
6913 9412
5230 6585
4525 6869
6831 9029
4534 6513
2636 6143
8396 8833
3507 4489
8223 9693
8153 8896
1505 7444
9837 9922
7461 8024
3799 9886
6189 8042
832 962
1930 5336
3958 8272
5836 9905
3595 7992
2635 4198
1253 8021
2390 5161
3332 8105
5130 8845
8524 9386
5750 7916
4688 5698
8923 9385
85 5945
8149 8965
6688 7083
7034 9000
9201 9502
4665 8792