591620	42660
927489	542043
683308	171274
940720	10129
223167	454242
977803	749383
747461	987588
369003	159308
36408	998941
751028	449711
10048	77959
210118	497035
845670	846828
770760	786919
663463	506371
236741	99080
266092	941430
280001	410569
155312	250909
329155	684722
46621	908556
715997	459687
615601	277690
35308	555173
9622	29172
299829	285060
432355	577868
985440	752006
273168	836184
706049	765358
461736	567886
90275	304135
551478	389082
216373	347032
485295	68272
842915	579550
624569	342931
667851	591713
702711	722145
906167	378855
164128	208264
377664	977864
686367	330275
992780	384712
313123	781649
172790	292066
526696	728639
99166	152797
246793	241078
790727	63561
440336	791037
998463	689179
432891	845912
84491	17109
975866	378038
965421	519358
464295	667725
134008	706016
407206	990337
19534	959529
716284	786666
178050	726991
500097	906890
87618	92698
905508	614014
679141	28987
86798	187196
260151	344993
475743	601299
495146	940903
550745	257766
702359	21403
652529	184813
77516	190096
932008	378457
276639	350318
850714	474182
327850	82729
804861	177594
808903	40432
69467	460224
61931	158237
187547	928698
784497	149200
850997	436556
861322	853532
21495	193035
366612	504878
645234	616002
437198	610841
551859	867691
379903	91079
787545	14110
993409	895038
170157	206132
680445	401989
195094	891485
629367	856268
218750	440140
358994	875428
499835	771995
137730	273424
635968	605244
505241	117638
232454	169549
937916	224147
895624	181966
334620	653467
829356	708332
471112	151763
34730	429614
304987	813564
9953	372845
372459	78211
927495	300734
313036	523387
943346	930368
430349	566367
252398	351516
424178	950830
51857	559081
475859	60938
598499	440209
120594	767288
448010	254293
759600	909295
659273	401174
156051	920597
440140	531849
736290	790538
110832	322901
698835	483971
391267	7066
494102	807784
166620	213523
304822	998113
375329	538265
891924	787370
435496	185112
498807	232262
28942	213783
664640	108298
548021	517870
344616	330426
546254	109026
736028	131242
40066	252565
641517	31305
296429	338668
315882	648717