878518 337260
59111 990964
41 48
317345 408195
1 33384
6079 70701
80701 218545
6173 23
920 5595
262 137
5801 56
3233 36317
180039 923766
895474 859841
719 6121
9927 5859
8876 3307
8887 72244
9662 28159
47 19
37216 431495
886276 822290
98555 162989
325 565268
4054 78114
93 68010
802607 281338
421650 958523
47 10505
4949 2794
1 23945
261 9353
9460 46
6743 775282
924594 198986
501321 208205
553553 350806
67 760
55429 818529
8755 906940
350 250
23614 989383
3497 9023
60 55085
378919 211
45576 556308
996730 80335
462788 616813
196983 582264
1 907
122903 792360
178712 100276
975171 490720
7730 644
125940 724373
178042 267242
642251 235917
16387 333233
317216 275774
114412 79590
525340 940060
422563 813892
41 4121
40487 38250
65305 2721
973995 390651
610 924291
656829 259379
6758 89272
44781 576522
501088 322814
16 44885
742626 799576
3568 428623
5 313
1498 51994
484 358953
545014 160215
18907 700484
11749 8012
316 97762
755312 83981
501 469646
723271 472790
84664 135980
11975 126370
2327 187539
835401 42897
46409 9931
599148 83798
168 861
544 348
5803 8922
3235 2192
51830 36802
633 966
30 68903
61021 566
851 8281
5394 72443
411 306663
105124 768636
9283 90236
410157 111930
5325 103
7228 6475
302 8174
55851 132
200 20000
1 500
3 3030
7 7777
777 77777
