33 42
66 84
99 126
132 168
165 210
198 252
231 294
264 336
297 378
330 420
363 462
396 504
429 546
462 588
495 630
528 672
561 714
594 756
627 798
660 840
693 882
726 924
759 966
792 1008
825 1050
858 1092
891 1134
924 1176
957 1218
990 1260
1023 1302
1056 1344
1089 1386
1122 1428
1155 1470
1188 1512
1221 1554
1254 1596
1287 1638
1320 1680
1353 1722
1386 1764
1419 1806
1452 1848
1485 1890
1518 1932
1551 1974
1584 2016
1617 2058
1650 2100
1683 2142
1716 2184
1749 2226
1782 2268
1815 2310
1848 2352
1881 2394
1914 2436
1947 2478
1980 2520
2013 2562
2046 2604
2079 2646
2112 2688
2145 2730
2178 2772
2211 2814
2244 2856
2277 2898
2310 2940
2343 2982
2376 3024
2409 3066
2442 3108
2475 3150
2508 3192
2541 3234
2574 3276
2607 3318
2640 3360
2673 3402
2706 3444
2739 3486
2772 3528
2805 3570
2838 3612
2871 3654
2904 3696
2937 3738
2970 3780
3003 3822
3036 3864
3069 3906
3102 3948
3135 3990
3168 4032
3201 4074
3234 4116
3267 4158
3300 4200
3333 4242
3366 4284
3399 4326
3432 4368
3465 4410
3498 4452
3531 4494
3564 4536
3597 4578
3630 4620
3663 4662
3696 4704
3729 4746
3762 4788
3795 4830
3828 4872
3861 4914
3894 4956
3927 4998
3960 5040
3993 5082
4026 5124
4059 5166
4092 5208
4125 5250
4158 5292
4191 5334
4224 5376
4257 5418
4290 5460
4323 5502
4356 5544
4389 5586
4422 5628
4455 5670
4488 5712
4521 5754
4554 5796
4587 5838
4620 5880
4653 5922
4686 5964
4719 6006
4752 6048
4785 6090
4818 6132
4851 6174
4884 6216
4917 6258
