1 1
1000000 1000000
242384 840463
33295 590312
379030 79561
229743 572390
964026 248928
640072 846975
459701 177354
800933 793970
303558 879740
998533 813874
555479 695081
433045 149285
818784 516148
377155 543162
476659 134477
322179 964965
409103 533576
862935 919058
538580 889464
318270 97570
452468 477838
849307 872020
425940 757321
243936 546976
813846 126665
100584 242807
853878 685386
16175 745409
222327 114825
993227 331531
808263 992971
393694 108142
226332 714310
418794 97922
17489 622301
570785 444558
381535 901244
341863 293380
795146 545789
241322 862581
240101 893025
651400 622366
353752 333776
205075 421417
917982 523405
257942 925644
194137 853871
846586 254891
612547 681211
710043 631076
129105 139769
259527 319037
122656 996605
775131 828077
401072 430909
8207 33595
300899 883607
732035 959894
454118 239136
137752 431258
580738 949453
164521 222706
611115 714269
456278 32567
731632 871002
875785 747787
737671 484611
842915 780136
882185 70661
466933 789704
579979 634026
739521 452875
192496 270615
158379 868621
470540 155787
416666 168894
211743 128528
85506 370598
86123 386044
909117 761378
612866 553037
742333 274125
934595 576929
270553 681439
129204 104834
6241 226146
623955 548248
583437 782743
309625 728454
68417 313987
32709 828812
51665 695074
999702 150458
419529 345146
108786 445944
999566 924675
131089 406945
318610 296452
641180 367078