706411 180864
273983 124504
372831 658554
747686 544892
158600 486470
83881 806787
782029 355878
46030 80628
804410 386926
637712 448165
447184 881537
328294 251265
418958 819177
560839 736836
975754 582647
389292 811752
110514 560238
723962 69706
299142 857524
518779 584600
50325 927057
773304 305728
82186 731560
618042 380621
785903 853825
101455 439891
600825 445683
78150 284888
502507 947689
29852 23324
121866 431367
48612 230576
518637 479019
478720 803461
759573 738241
380962 174983
289161 451773
199661 579512
944555 852061
15139 916322
437221 260050
97784 650025
915545 251971
382903 800921
445659 590950
82455 451718
28029 8876
902486 378388
107640 937703
751225 236506
648352 148602
511938 728182
607226 832341
946110 31699
365203 400638
278181 330256
522973 326728
929162 659084
481159 383569
383648 695612
684998 376790
380007 509803
69651 684310
247044 699620
228100 851549
641470 263261
873659 502707
282848 702112
930813 355185
622827 202173
407035 953284
653238 534100
49958 429042
560813 944679
403723 496254
929410 618870
625729 372093
921413 884300
988442 870014
106338 751638
556497 332654
164657 515171
415721 192598
540124 928679
306017 595873
233679 719866
380050 984031
397037 789888
215334 807055
384076 333242
986515 3434
228990 159301
219654 742871
32548 10877
109852 848748
734565 728404
87213 849103
853314 685352
452533 915061
331292 815166
679673 817576
575287 85104
111479 361833
797902 981016
503235 424036
466512 943350
764179 722225
730177 892258
102839 366495
958035 362416
940217 801076
632137 565603
912003 775146
152342 596119
737408 189123
197226 338628
723669 188254
350993 699326
40990 451395
235676 13141
373453 887449
623639 789738
12268 715843
312690 626155
987733 681971
324424 141887
173855 13018
158786 900381
999257 258540
270466 411007
447509 649346
670912 654132
825941 422478
711686 567397
406458 822902
48852 276223
208677 223900
21662 650724
338296 11496
491808 235900
