187085 854056
158480 946111
159826 579043
324096 807582
243298 864210
387765 871228
41613 604550
157873 597381
238986 662270
156385 728173
53115 620397
84100 580297
255246 604554
207842 893174
356748 974488
474810 695004
70935 570439
426045 743539
77766 791194
463923 559674
118646 585326
423131 693485
365653 681337
420915 675342
44972 982551
267630 868088
184942 647873
381560 721139
362515 685630
362433 697888
440770 785366
135704 603033
101463 873688
357857 978650
350605 827643
285511 621588
366365 790993
23154 665830
395754 900159
20839 764076
176853 696676
155109 818777
278842 576211
449529 868217
437940 562621
69123 825276
225800 715256
46146 902710
347670 869243
98514 825367
439986 739193
144574 717375
292861 779814
494710 729585
482251 795998
176717 636397
284053 999966
223081 762762
176330 620217
392146 839347
265209 580665
319997 671127
193771 570917
431574 556713
54710 612171
387700 681027
121818 967692
391111 670892
398524 632517
137260 586432
190506 566036
323745 550999
206705 705513
223385 634443
403112 936226
13299 814895
158911 989280
82344 938982
116326 851599
240418 785783
235605 692991
88416 617209
200047 850838
456123 629853
304153 945961
329003 933191
346886 828709
256096 824080
355923 811368
41514 699601
464443 993739
420722 623340
14951 704166
373266 915055
110583 556981
340393 554056
343187 761206
340440 782452
149136 971480
265102 665990
114699 886697
137607 875663
83298 838680
206587 852599
85959 700522
153938 777292
130221 695331
209522 764096
482597 954350
167915 702374
414795 990558
175468 746549
495354 887261
164495 633157
452796 860977
258967 739327
170824 703543
81633 813382
46422 998806
195636 744179
112590 602201
473827 818143
16116 731458
4189 757377
385571 990796
163212 564196
495819 734586
399695 588895
19344 723463
198376 657944
420179 817171
82339 811197
163562 700080
19072 939523
231288 961049
401996 685169
31234 874352
273007 969421
3525 646864
341677 648586
492082 909560
257085 960539
293044 623392
296807 650004
337572 819070
9004 873104
34567 792936
403018 860800
86553 790499
112925 622201
