1 10
100 200
201 210
900 1000
1000 900
10823 43615
30594 59978
2633 26475
93480 15351
  

46996 78372
78372 46996
1826	35497
39485	31814
347	829
23131	3898
29392	30313
36353	15124
30533	44656
33060	30887
41322	2547
48863	35219
33973	13024
3139	49204
25649	32401
23131	16495
35140	19387
34935	46814
40288	8867
25078	27774
15098	18508
26090	26749
10153	41271
3902	32500
18654	37960
48440	23003
27888	42904
21521	23698
47839	3980
25394	21469
40252	21186
16996	43840
23885	15374
10500	33197
29264	4105
13090	27378
14059	10653
20106	2678
37904	14032
40163	41200
43305	35379
31267	21102
24029	18738
6643	46578
48451	20693
49907	6383
9979	7200
34267	44720
11665	37178
28752	14662
44321	22867
29114	48875
6751	216
25324	24692
36999	24703
21296	9063
17787	29856
42090	161
20354	19520
42994	36747
20032	37839
23458	19875
41270	35440
4216	22518
43360	10144
6261	44224
15490	42250
46255	39325
5488	3837
3186	43424
17668	42037
8462	8563
37531	35009
23006	12394
31311	34542
15087	39785
44251	37382
1058	8128
48821	29390
30253	6443
24657	21826
16979	33360
1808	40966
28858	31297
49534	18347
44686	14212
43799	36496
34804	14033
23209	45492
3430	45060
13953	10480
35477	47606
3438	49236
25611	16304
7175	25291
7496	47939
19616	31665
3412	47039
1214	47092
37300	20592
21690	17891
28410	27800
36305	36192
17272	38564
9132	4649
7231	36906
11708	18654
16573	14853
5078	8816
40342	1466
9656	33624
9432	16038
26117	6487
33706	45649
34822	29054
39879	1408
47980	6284
42523	18633
48533	29759
28587	40724
44283	10016
31638	39758
23488	21153
6198	6391
25371	25511
36964	9150
15520	3605
29271	26815
27035	48307
5566	48234
41374	24469
31908	36690
4550	25792
17267	19931
38912	20133
41176	27939
41758	35460
41897	31640
2783	44639
31888	46545
21025	24737
44256	27261
30809	43054
14486	43858
43283	24629
41904	38409
30766	16112
27103	10264
26266	37715
24365	16523
27442	3776
29254	32770
