1 1
1 2
1 3
1 4
1 5
1 6
1 7
1 8
1 9
1 999999
999999 999999
999999 999998
999999 999997
999999 999667
19999 19999
19999 20000
19999 20001
19999 39999
19999 40000
19999 40001
20000 19999
20000 20000
20000 20001
20000 39999
20000 40000
20000 40001
20001 19999
20001 20000
20001 20001
20001 39999
20001 40000
20001 40001
9999 9999
9999 10000
9999 10001
9999 10999
9999 11000
9999 11001
10000 9999
10000 10000
10000 10001
10000 10999
10000 11000
10000 11001
10001 9999
10001 10000
10001 10001
10001 10999
10001 11000
10001 11001
939498 999999
939497 999999
837798 939496
837799 939496
837800 939496
837798 939497
837799 939497
837800 939497
837798 939498
837799 939498
837800 939498
499499 500499
499500 500499
499501 500499
499499 500500
499500 500500
499501 500500
499499 500501
499500 500501
499501 500501
123456 234567
234567 345678
345678 456789
456789 567890
567890 678901
678901 789012
789012 890123
890123 901234
901234 12345
12345 123456
123456 789012
234567 890123
345678 901234
456789 12345
567890 123456
678901 234567
789012 345678
890123 456789
901234 567890
12345 678901
987654 876543
876543 765432
765432 654321
654321 543210
543210 432109
432109 321098
321098 210987
210987 109876
109876 98765
98765 987654
987654 321098
876543 210987
765432 109876
654321 98765
543210 987654
432109 876543
321098 765432
210987 654321
109876 543210
98765 432109
776233 263242
279492 474314
564115 885308
760058 792158
647386 792720
87084 462599
225004 873989
848403 479081
269220 906977
167080 556980
408730 13305
587250 978707
166205 782272
91808 726034
576536 229974
194944 731664
298103 226665
885414 102476
947039 120648
838674 479280
494110 509149
100576 885687
47930 419583
254034 96638
861596 831824
686534 319566
25437 164906
429432 202506
253813 659736
211179 180419
904208 812865
580287 568501
689614 730415
449662 37437
379465 549017
971244 635796
977324 994004
320818 792703
511182 536153
760192 63228
843640 987482
794854 536598
375370 756412
35086 120570
609754 411469
246532 477503
722241 62248
486275 706676
170528 394708
173041 612687
464489 788642
90791 65942
907081 385483
518348 972277
27300 574295
526092 577945
722598 82844
893270 629947
460122 616450
679698 606489
852798 262203
34055 875387
535306 610593
734566 649608
662988 623730
331304 82689
628028 684115
204115 262994
140490 73215
166985 40367
9332 676846
512304 278406
480743 899974
113916 329532
897735 632125
463905 573948
986164 858216
39567 580326
848713 964432
358989 522022
859061 739380
533989 441687
564915 789820
623263 190349
320067 615669
104842 754419
761836 825431
618801 434968
670786 941818
903308 309870
