11358 113260
121627 132616
101751 351540
103948 71656
148850 384064
149042 106556
115147 31912
25153 190808
32005 220224
81989 15588
144972 286288
100500 291752
21773 86320
105190 81812
71827 320236
50980 234500
69387 45688
91639 144200
59086 335700
82108 265080
87435 109872
130107 265828
111294 335248
127404 12800
79081 101516
93686 33980
82234 182612
4157 257148
108890 355192
37069 4480
33053 161140
33620 70840
59025 131960
81555 73804
144741 365424
40793 287204
122863 116672
54767 206376
116118 124012
37138 131608
145406 358452
102373 4736
13210 304444
135001 356696
115496 161740
127900 239020
107132 306132
8835 348936
124658 132536
81434 371300
39517 383448
97357 265856
143805 368716
47623 366672
114757 51464
38604 253684
111607 391172
127946 52224
106428 371032
57166 157956
78091 260864
84539 381412
18193 375776
66842 102208
75983 48908
35363 46304
99257 327516
22799 162968
23703 158108
55532 3888
49002 259380
29379 243804
140052 189132
75598 234252
125265 26620
37720 331736
107377 51168
127076 337920
31342 172260
94692 52660
95080 298308
127688 151312
138424 266572
39897 250108
147454 210180
56375 261148
67111 115268
26465 361772
68422 180196
138410 382068
29370 28272
96541 164260
127741 341952
49295 322636
131972 167468
74008 289072
8991 77100
315 299252
48702 234574
35106 240124
13687 279298
33626 80568
23120 24472
34908 12442
38598 96536
2778 345226
22695 209434
27900 77026
48358 142422
36134 88736
34726 114428
22968 298838
43238 361792
21660 131686
35397 18872
19946 284650
47921 323048
43000 30712
26120 209566
22875 173446
20489 392698
10793 224042
36617 395986
28119 388998
2283 32436
25261 39682
38925 68810
22680 14652
10524 166374
39574 389694
21778 154582
39772 7790
2202 266614
24180 80584
16669 359568
21184 308048
9163 289248
44922 387142
43968 144624
45700 372756
4321 16046
22555 261132
1586 240572
20439 146006
36371 32772
25499 179238
41141 160400
30601 69166
4052 360982
4272 230354
22243 98906
30622 202146
37983 308144
33408 354436
41359 94816
6966 99632
43400 96174
15906 177890
2632 150840
37495 230986
23996 335490
1502 31430
5457 381390
28548 73298
7490 359728
3534 256446
44329 179298
3301 201890
42887 308564
17964 231696
32729 93446
46543 191622
10644 33690
20499 366510
559 84262
7738 237760
26890 170822
29840 219846
24407 164088
23711 148228
16500 161578
22831 398004
11859 46608
11672 314746
8820 279988
34512 295054
28814 16590
32320 319038
17686 278108
28097 286232
