1 10
100 200
201 210
900 1000
1000 900
3623 5218
3203 911
8601 9302
7745 5680
4751 6867
570 2053
1697 3405
9761 1654
1569 4548
602 6014
2065 6746
1093 25
7474 2871
7568 6346
1804 7344
3221 7155
9749 3689
9518 874
2243 6212
9678 9162
3566 9507
9061 6952
2841 8718
1230 1829
1940 1521
3263 613
1894 1143
5285 9457
6882 5998
3246 3016
5379 9404
3877 8832
4305 6051
4531 6770
5083 1195
9737 2991
9720 6443
645 6772
3562 5345
4156 1835
2539 266
9198 9270
1253 3033
2871 6641
8648 4035
1139 9713
5099 4484
9426 7151
6663 9402
1932 5525
882912 34695
998917 971341
305843 9785
479900 925366
322146 95841
711391 884211
770361 554256
941915 897417
118779 225948
774518 393879
934742 653217
957234 602996
502261 388834
307462 266225
735169 994648
603790 302543
510124 256984
434391 962771
73876 723235
624147 842172
211706 250224
706275 825808
975656 261891
67811 224554
461699 581561
149878 234029
668487 445889
458327 415326
143848 263523
96542 679406
619261 368573
565612 82178
324866 863307
366420 697596
353455 316734
497368 319294
25901 116850
855210 175470
614977 442837
602172 633504
476798 847013
292458 195764
757542 230840
996887 2961
470387 854793
551148 507684
853773 489387
204721 468786
156046 648981
627359 547351