418515 603657
322152 132501
241267 283022
945884 443846
826645 783969
558408 176575
389251 655062
659639 995322
983817 503692
751331 336774
514709 176417
896235 199476
186286 135816
339959 659350
110591 690869
208468 396946
168480 384750
452235 604697
388555 831904
291851 913304
675937 763571
2446 605411
996927 758388
197630 711997
989620 257791
456043 891847
13481 453839
216759 660627
70158 24190
519369 270450
457129 453086
323343 97614
529775 772500
380063 316258
717541 76426
292197 495399
193272 594197
552774 864339
692396 879881
912954 240618
585508 978331
346303 228363
789229 698921
560023 636046
485762 519972
961486 42343
112099 108681
301859 322904
147946 956614
917341 695269
794755 22796
678243 860639
902864 911782
876354 488759
200587 690528
406978 913211
364218 148860
541634 186347
355882 818162
683165 722798
852771 602313
166231 920570
214425 516078
775047 658112
857693 919310
520843 809959
26482 45297
664379 911231
992013 206500
248523 642159
780074 249027
654403 904098
39005 961698
377927 433242
167614 543216
621525 18599
930754 269542
430498 907019
859870 381961
663146 536302
595864 156236
406502 974396
13288 347362
550309 97371
9696 225799
194105 905749
721833 142549
666774 335135
933891 815336
493828 444135
270201 676594
320016 211910
787705 939310
180609 578885
468215 137968
411303 725435
822489 746992
11181 64240
86506 31579
766531 456889
961637 44384
16713 551810
36698 960393
690317 114544
958588 548470
282318 643238
850088 301364
815206 184579
817646 411173
268009 997555
134856 843542
932805 247566
524299 745769
142428 770929
790788 831181
554442 391068
306891 593202
288647 987693
369904 323725
16208 207901
393791 877740
40572 402807
887489 346236
359788 178920
162426 905753
784480 695125
627844 431242
260316 136282
181460 479966
792767 879529
984853 829164
793189 509424
77135 169055
436953 939136
657694 73413
132664 178016
301242 798626
159497 158971
729365 359645
215330 814955
484065 800344
64580 667747
479920 683917
919567 784359
235332 372139
490386 969194
40310 421686
191825 691612
424224 565987
244627 209601
264136 409118
419350 866047
25151 395974
189099 167564
584393 208784
683340 654175
823374 920659
107162 714910
462098 792495
90437 540965
375058 86199
378903 568627
678579 745243
654128 503453
108192 986207
656432 624854
914829 622950
927379 470025
74547 632703
579056 61010
11157 375297
536953 728901
689086 528631
688536 470859
535614 457199
304406 487224
661299 996573
125620 945607
982538 546498
705275 657425
474210 966280
615171 606123
239927 887549
941522 23409
142705 774902
483330 997966
405929 890402
962291 942191
307137 95002
893737 309609
943409 269269
743301 472574
245240 845522
744775 551157
245204 902572
324420 157570
42933 907069
613604 966946
76160 601387
706046 982804
