1 10
100 200
201 210
900 1000
10 1
200 100
210 201
1000 900
1 999999
1000 999000
999333 1245
1245 2345
4444 4444
999999 999999
625064 201561
191703 285100
309879 991952
425227 760882
843012 256870
385180 33516
71034 499024
265976 113175
318487 453670
744544 356740
345549 245334
965248 373688
74455 814151
686665 433055
852918 576921
904516 764540
978587 594643
978633 476009
736556 527536
6058 860088
133277 779650
115673 184201
695282 240801
755968 93939
363687 587669
656886 123018
81843 993308
660416 696069
266368 49284
632839 492095
981284 339195
634398 378519
704674 325127
92543 489382
455605 146981
86164 137293
954845 293586
243080 901554
236129 428983
547025 689814
880202 469143
651852 837827
628037 425296
284025 363369
81517 773776
429796 345883
819332 539688
23545 900418
65557 638031
310754 390340
122594 638416
653880 765527
993538 566823
709336 972950
329150 833459
211817 633542
508191 829609
723823 639184
298101 407740
512760 644831
75951 252345
201356 684930
595461 327291
447212 56804
522672 557337
575153 32680
27254 539920
968035 380567
917320 482451
963976 777338
815245 987551
319706 636502
862416 802459
762725 328154
997337 903226
882513 693289
589556 355805
761859 848937
990368 938169
837799 837799
704511 704511
500 500
500 2500
638416 122594
576921 852918
356740 744544
256870 843012
1000 3452
