1 10
100 200
201 210
900 1000
1 11
100 201
201 211
900 1001
22 22
1 1
999998 999999
999996 999999
20 1000
99900 99999
1 99999
1 2
123 456
100 500
1 6
450000 450200
2 20
2 20
3 30
4 40
5 50
1 1000
500 1500
1000 2000
10000 20000
15000 25000
17500 27500
10000 20000
20000 30000
30000 40000
30000 45000
35000 45000
45000 55000
8989 9000
41 42
13245 50000
91234 99999
1 11
4 4
999999 999999
16 64
16 32
15 64
15 31
255234 255321
90 9000
9000 9001
8 800
9 800
10 800
9000 9900
9000 9800
9000 9700
8999 9700
8999 9800
8999 9900
8999 9701
8999 9800
9000 9901
1 2
2 3
3 4
5 6
7 8
9 10
555555 555555
4999 5000
30000 40000
30000 42000
10 14
42 159
42 42000
99 999
2464 3116
247 2536
2532 4638
468 6899
2560 3254
12 4264
538 7538
247 3788
375 8647
98 347
246 809
56 246
2467 89675
26 953
6976 23454
7897 23546
98 678
462 468
579 633
95 267
254 856
9 375
365 365
134 875
