1 10
1 999999
1001 2000
2000 1001
5 50
100 1
50001 60000
50000 60001
273996 884289
732103 53650
671952 587201
661039 15809
212054 324272
751807 184699
652881 900134
898233 576286
107989 323274
563645 730715
537070 220576
581229 814364
39383 259507
80679 260661
361133 89516
260622 442492
493265 688817
129127 342343
113618 337744
557709 441938
973560 24737
305740 868826
235865 303799
624695 840087
88520 869052
700581 133482
477687 570429
355579 754209
344760 381831
709945 220494
211953 636369
883500 392087
329606 761285
455475 888672
807144 375973
403031 27823
938643 271599
517194 201949
404147 575715
522029 944822
83120 883010
357831 824398
3768 908437
329387 953941
242698 983713
221451 326973
710193 542061
573326 538710
531038 924723
238933 760655
162970 530292
4149 150848
463611 175208
112342 852498
442277 202141
787112 854067
940732 685699
491349 95992
58346 844791
936255 103620
453 661529
515774 447093
897928 546527
72645 161342
513232 448234
350257 636597
671451 671442
972504 890718
484469 632814
491262 374344
540521 231102
57615 726559
972586 386545
92308 543486
553686 465558
861382 869694
388574 139539
797324 169166
766969 315160
276888 294537
761290 622705
300508 548545
827673 310326
781252 965040
848949 165294
943460 226776
184834 928394
760209 371263
730357 318907
916041 152912
51126 982382
520611 442415
953956 391583
370351 403587
538371 803816
395088 74895
308078 860241
61210 249182
179409 899640
495089 990370
737660 493736
858875 774025
339614 635851
121993 466734
697759 62033
617579 871515
959426 547821
88333 418137
36594 961110
985579 284517
11093 230756
432662 89212
743385 950504
316615 964639
450479 389805
780565 63016
138284 773433
512902 846595
828635 730098
773676 29918
398538 112565
257396 834562
900208 389079
867498 862312
5262 292776
765842 527097
451877 828328
491260 57660
39681 616179
839768 774116
93675 42188
118161 271229
965847 269760
197194 874386
827274 765509
102405 475675
158834 706302
93654 720186
589932 442893
112922 747567
480629 681602
159198 681709
94867 66473
156338 838848
960943 656599
424865 411211
432735 38346
591302 793877
650714 91706
198809 865579
961665 753338
305790 192073
747662 686591
605774 995016
323277 629681
381165 713448
202350 451392
765019 608049
943883 597223
700978 285613
557260 681346
198294 153692
830555 946363
356380 2105
348602 273785
517777 754598
469484 47858
260181 56079
791167 690974
929136 179039
795401 504026
325067 254773
149783 374267
636429 917332
