230974 26024
998370 396729
145131 424354
658288 393507
108927 99692
403837 577229
543491 116159
12712 651630
111448 184006
910341 885418
784075 737779
353732 734129
684889 936898
318784 84079
349947 652800
883030 189487
23277 291997
873833 233733
892946 260526
609260 360626
536865 731718
596157 130875
579737 555716
386202 609929
754803 590927
189184 665507
781474 882990
588729 95120
172742 621282
881557 759684
874726 248799
815602 491352
571876 983079
199170 138210
995343 11467
543660 903153
982946 814288
250681 937154
596280 414698
279736 785127
21087 819754
849382 586227
209938 376380
58276 394494
311712 828504
831518 614987
956113 600317
507807 531125
604786 642618
178492 674575
862757 92977
257244 429966
947448 166800
968672 360589
121621 205239
552509 642058
490005 839713
491414 484648
561697 589993
561987 287481
252016 994286
387727 321053
705078 434071
435915 448974
581146 501047
807175 280764
684999 946214
829205 206773
427294 376056
618154 157982
4960 584719
478601 946991
631160 890567
998840 142191
468825 263259
860670 315087
732089 473679
393760 245309
609572 716922
748243 323898
778623 921365
333433 15623
911349 112668
432702 232151
508341 630065
17848 316347
468870 589054
607268 89463
232014 118242
421771 49023
82187 714762
535550 553696
743899 505010
107916 676872
606625 339089
481010 56282
402978 778025
715319 468003
803169 212672
603576 315213
792045 646864
133408 190120
319951 364752
607010 202872
249556 650912
531010 315763
355939 144188
560917 328555
675719 254507
509430 117604
103368 710796
217271 610908
336614 945031
973554 860768
934235 520032
425518 771687
479718 299365
624870 834026
541660 840577
159423 58287
572011 280542
691589 302667
855874 903982
60230 886091
426276 521346
676166 285251
802904 147738
830593 34606
141295 819920
247072 211302
620674 696835
855884 766912
536576 737234
548937 951214
410513 572157
393585 85580
610974 738822
309864 890811
8836 816147
824915 438119
114535 903670
44489 361684
746124 729169
832510 127902
633248 841796
464589 42843
639535 54389
578544 180694
69796 612790
927272 397355
