1 10
100 200
201 210
900 1000
721743 657288
275626 671613
139636 460552
901996 73264
343825 195450
585895 750662
243456 319518
2581 522060
1614 238817
747331 591299
179503 790197
352492 457322
226720 726571
314928 736895
817930 875802
592003 873723
289018 462516
907882 608011
340280 701662
219206 792906
278235 599654
339935 565861
424765 814598
237604 803330
877374 258604
602567 507512
435940 277698
109238 668990
247302 485729
689485 743670
987337 364131
601364 656137
667299 434488
489111 910082
884759 285821
251477 66664
367559 355325
620513 691096
277759 956295
388386 711272
199752 32773
884863 547611
357354 495769
890495 903251
546738 846871
550523 618219
844341 658836
290792 110654
392719 823632
662545 397924
522699 952275
473434 972197
834356 565723
69550 966327
915280 705935
562924 683714
736960 29617
172184 94303
883653 212528
975742 848911
312258 978069
182516 782714
196407 962941
667018 863609
219858 922818
412607 965802
881621 371160
883570 972033
790947 577551
269869 573716
885532 191593
351799 311118
72921 949079
946674 394057
923290 725407
377211 794945
705867 758478
560531 681312
129648 794055
655875 871423
768119 565165
447207 282790
106432 589250
786241 254512
214713 986520
263689 139971
854913 904972
661976 464573
310960 707035
930465 581474
871352 871837
578722 805591
116511 629726
639179 643277
577628 906756
174297 14520
984773 392021
586373 1511
657348 964797
406914 49253
235230 747441
357348 686050
840281 490600
725987 488440
728552 819933
551943 669475
857940 429681
217246 609067
99460 916089
921626 186061
575640 684951
749522 405384
593090 718524
5428 383377
291726 54258
159273 876092
544969 845413
748842 116715
722634 182934
34322 628662
317859 251514
205723 500738
636707 94892
728176 285687
631648 145104
533850 28602
824130 109179
419701 549752
197732 227374
295756 867651
717353 244722
475130 68598
187760 630324
797636 279865
674835 180872
192832 136733
158798 759160
211697 819435
185550 425827
465657 487588
737785 376347
317269 737134
561777 902112
253627 541392
632173 975872
614397 825925
