1 103
100 200
201 210
900 1000
1 1000000
500 500
500 501
499 1001
225 999999
500 300
101 998
44 89
130 657
499 1800
22 32
998 455689
1 626
1 876
1 125626
6 57131
40 74572
9080 25691
9 95319
185 493
57893 81883
78 179
5 69917
231 57225
166 13800
726 5869
445 38910
21809 46673
44870 68078
411 835
488 85890
8 15770
1535 8615
14861 78073
3243 49473
271 52073
441 54420
45 74805
703 77909
22 69102
67328 82373
729 69823
353 406
782 34624
516 1828
7635 51434
779 97321
428 40071
72 125
501 733
640 50448
13781 84187
135 23821
38621 71428
260 338
701 8434
202 32303
63937 85149
975 84892
978 5340
67 4691
48238 89247
21822 89183
51979 58352
45833 79134
606 662
537 21509
68 192
91 93051
36138 36873
18364 44366
810 88451
7114 17534
496 53398
2 665
138 9145
591 26106
5627 65310
7 80909
8704 35845
830 9923
83 518
187 62754
2 238
427 87347
188 55659
415 718
272 64781
47019 76518
852 3151
1928 56694
1 73294
90502 90745
10429 43960
7315 38335
202 987
431 25102
727 13866
765 67669
20423 31869
7920 80335
1004 49275
9 49913
7040 8107
753 17617
2 67179
660 89441
67215 93576
11508 47512
30 9095
9 9839
7181 96230
37 87160
86 89867
670 80886
493 66251
11697 52133
35504 79242
15623 23350
739 84840
53 94782
2 95987
99 39178
848 89734
698 28267
44470 70621
13 928
219 511
21822 68141
6681 41359
545 28968
8976 41044
525 4387
7 69723
145 8577
33507 90952
80 541
2 65
7721 7904
91 875
59 126
4 41192
886 23863
208 93836
893 40685
25540 34238
68 22079
27 356
22 42484
3 74982
511 48393
49436 63414
3 17
66 996
453 747
93 1490
2045 40270
11 50120
531 87514
34204 51242
6527 40352
9261 68335
7 86998
39837 52411
36 33376
13613 88637
57224 59086
54 245
974 82620
867 31826
22572 97961
5 77063
149 799
63893 66004
64233 89020
9 80114
81 85
408 75741
754 2226
832 20424
3 522
881 2421
6370 12849
22 25052
29 64557
18402 89453
103 5896
10 11407
42580 85998
615 18591
209 82677
332 18242
8779 94248
96 79172
80 48338
15619 25609
92 57806
19695 95792
529 977
