34815 126486
884503 120148
160283 842496
377402 167726
71115 153312
801684 338742
886611 773154
804384 997348
516114 219764
441318 722098
297437 419383
181399 220886
801790 748091
764253 506400
577873 573535
314269 767436
224846 497643
336961 373186
974221 333913
844151 890450
920255 950995
355024 870811
554373 683557
820947 122851
194190 637684
680074 282818
385407 335810
713518 254405
588782 813625
495051 930714
897167 222950
823833 695782
189661 784883
167597 110188
589439 66960
3888 531646
76543 360253
202226 952296
598250 448860
822573 870099
235527 130365
537762 81191
746018 885524
957085 642891
863459 350021
745662 640368
202009 981807
927074 408064
307865 892865
451779 478394
692144 583596
506526 646966
278661 872390
751655 30286
568976 434469
970508 152204
278296 772667
814462 217200
562214 100608
608290 97005
891401 114086
470798 298670
868412 302780
909042 139855
19086 94733
478528 165131
822369 6991
725794 774809
607672 210886
793046 48554
120115 3267
13686 507279
225775 693819
875203 976478
726474 427332
81152 979939
519893 951959
50725 779301
459574 16104
78372 366580
789486 781683
553341 298891
631336 661982
979316 546489
597023 681877
199953 252450
970512 454992
821229 48426
671227 243537
196370 92731
930439 727909
288102 997618
824115 209798
92101 157719
205794 690719
589420 774806
774738 737355
321933 72546
360055 247932
945266 959265
