1 10
100 200
201 210
900 1000
1 1
2 2
3 3
5 5
10 10
9 9 
7 7
6 6
27 27
1 1000
86164 137293
3432 339042
954845 293586
483303 64900
1 999999
999999 1
2738 86309
672 459
942141 550865
475899 304041
3482 567893
129857 223879
100 900
900 100
3893 49090
73802 89230
10 1
2379 34392
5638 357842
56924 872348
32483 54024
393935 347283
748 437
93890 528479
75829 739298
838983 234901
39204 32920
64920 379221
388103 873902
345678 456789
12345 6789
1234 56789
38943 290483
239481 849302
392057 673821
569 3490
4729 20474
230940 837202
474892 932837
139 7394
9365 26893
33848 72382
394 649
83829 383004
79475 284759
583916 937461
729384 484819
839244 283993
399 599
30004 89384
57483 3857
2848 28394
458093 948424
63739 173848
84747 47478
3490 18274
903 78394
7483 27395
48827 6398
78948 328345
38971 823848
278465 638295
383857 19356
13792 72948
3398 7285
938 3891
23398 28384
273849 273850
48392 98398
38489 28475
285949 839485
738928 385
9375 72853
21784 23752
89723 9847
298534 12
247 678
246 135
75892 83745
874913 139845
28465 357192
848471 73569
725 779301
459574 16104
78372 366580
3894 274859
54238 285762
83947 223
26385 184756
98724 375892
36492 673859
