1 10
100 200
201 210
900 1000
522722 273706
80916 141351
678959 478639
830824 662784
257485 123559
483054 125372
941706 552562
205662 203
131693 222281
399831 53250
170367 416941
474490 359537
149296 137929
797158 360371
500648 415226
160651 87664
88255 109374
494074 121591
301666 68701
186446 60658
490431 20850
333453 21356
368743 82384
325068 16582
359392 145939
82977 90717
91365 194770
189495 102852
455306 104788
23611 106634
44607 5710
43398 84977
7795 1340
16880 180355
28502 35706
44658 29772
14737 139758
3387 30847
28405 191957
155 138805
6918 45395
28869 108199
19316 133751
18338 22921
42628 95455
6427 363427
17539 303414
33496 247319
10227 57959
6836 468920
43923 220049
45602 640829
7268 444718
36381 215987
24830 613214
19163 273801
409 49063
367 7465
304 61962
287 31616
9421 482441
27616 620909
10424 506923
9498 411802
97910 311177
102293 517856
33696 331645
477690 958723
164899 183377
49649 688996
179642 747797
296658 631816
381514 956322
129223 31922
246782 565957
438200 299934
159549 87786
23 92601
10 22221
81 29378
512 3415
11 84384
756 59112
423346 744601
401061 872184
269747 830468
271974 684626
480180 380191
183069 463470
86291 958211
93942 21493
193925 11569
198187 11451
33053 22884
139254 10573
82938 31511
134736 25800
662 60319
180 37548
137773 34214
74554 33494
81076 17207
20750 14592
35673 21940
103920 18429
5943 13203
84195 18027
107548 26499
445 54199
377 57019
651 54254
209 34888
172472 48665
134986 13989
184033 43518
132120 46245
150 19612
165 40263
381 77849
54 33549
163010 383454
180548 596404
124748 527533
152202 326229
17677 180194
24384 123647
54519 515135
12224 229452
197041 458252
47464 433665
171878 486315
36426 153520
161674 104202
110839 476030
76587 352689
102435 492543
161967 38651
120348 30409
127155 54544
51096 61658
141783 121
19269 55066
100667 91344
21294 80587
65330 57974
13190 42717
41927 15592
69639 61292
95423 5709
73922 89958
104926 21096
39544 97545
104871 50830
124335 56171
139616 46609
19676 83092
61426 87451
93621 317501
99312 154849
144494 499672
51116 43658
55525 144222
143029 171172
81599 150270
135054 53532
102646 149718
90174 130828
55425 60926
142065 135316
55178 160218
32097 75264
47085 71908
123317 195240
59575 87598
137589 97306
117728 120548
5274 121206
87970 106650
109782 161242
57712 122236
131650 105420
106043 50552
17594 375176
30198 236040
66040 231132
29676 235960
46577 58368
