1 10
100 200
201 210
900 1000
2 22
3 222222
111111 888888
789 89797
12492 497426
563790 892052
123654 765234
890765 989619
759394 897642
321681 676565
747593 932221
438482 764674
332277 556633
221144 663388
447733 889900
770066 989898
131790 871601
8 54
232 985798
6757 39585
9898  974782
77474 484848
294842 242
85724 2424
58586 929
94 49274
100 28484
97505 975973
9859 735732
232 7575
9474 4
1239 847253
4857 75853
97778 888765
333444 555332
1199 9999
9013 2009
75645 5327
62130 73632
78666 78705
90210 100000
48484 48482
2444 772
2 4867
56583 726462
20484 888888
666 4444
999 2222
9999 998
1025 2016
2012 4014
2 3
8 9
1000 999999
89 760000
1776 1993
1993 2043
3086 840343
759302 2
999 1
1 80000
191 8374
38384 75657
474 92920
575 755757
512 665
21 90
665 2108
8 80
48 3830
890 980
2000 5000
333 3333
55555 555555
666 666666
9494 48475
57575 232343
1000 100000
8585 585858
49292 92145
57575 2
2 9
5588 8855
123456 987615
88000 99000
971 8774
1284 847474
9999 10002
8888 8889
557 778
200 4000
4858 85858
982 4484
939494 88853
100 101
102 808
48 222
22 87
