543776 546459
101118 939213
516897 878879
208567 423798
745352 897634
256430 428500
207304 616767
227809 245612
319173 457899
99814 746350
213814 476082
114273 622090
517851 878418
5171 629430
280522 804022
278824 845421
79766 376525
340829 813553
727727 872377
468643 641021
97181 789901
229500 704229
106393 941574
68446 504152
413221 844692
896769 929986
61044 472360
549312 786029
228395 808440
239845 623329
227200 760586
321920 999185
831426 964629
333847 688573
113796 646209
685317 877509
32874 181931
61678 347110
627353 741321
312907 475856
424342 806902
40053 764084
52327 964317
366899 444543
55191 139798
364785 709918
63874 905535
63817 382680
496181 875619
187589 221033
683139 715847
387779 800215
745380 906634
343690 516998
288794 505993
532886 833892
306209 508066
260461 920469
734384 808699
396208 622212
251779 944332
510990 892579
261245 515370
338582 848732
287360 835599
549438 623468
285417 810473
275663 617844
110885 836261
559504 723209
268039 995726
607255 881539
77405 971041
470938 934758
653609 821240
84321 544350
709600 938125
643910 845657
316920 984370
125132 461560
358551 426717
860255 936068
70116 846419
389388 748404
152705 162642
283926 777337
800433 898156
831271 905876
550825 717751
754754 993570
33696 780667
99812 121312
603968 829666
436211 442079
305881 580778
314414 442479
666780 843126
698916 707531
12643 332716
549187 718066
136587 546027
96334 529890
172612 391773
243501 813751
171677 800314
139371 436047
394438 991549
63155 805977
14570 193499
371858 549664
532526 601389
223589 868612
416985 565653
505202 797560
306444 410610
485643 868520
625463 804481
144808 456566
217274 707801
601929 618557
417991 769685
240904 884789
155833 361826
433786 794573
471696 918128
411305 766322
482686 726181
298867 682944
164336 878618
197963 784097
352422 795792
192583 341969
811634 825832
99 454663
304304 695709
893373 893711
112708 232702
308117 477245
8856 213678
125160 999514
795978 860420
141927 170015
183972 464604
372807 649915
199734 603469
43280 620543
210358 758615
6198 839902
337615 490968
62813 586296
6789 213840
71130 497898
76622 568283
314112 549416
199565 681068
293439 348605
445307 492830
175867 321298
816132 851869
322163 410460
