50948 62739
73900 8691
358196 341601
132692 117165
291004 301327
13910 75335
98124 74747
452134 438270
59423 75914
127196 116256
59387 83065
342819 355167
900891 890374
603450 589836
181857 171848
114821 127981
30184 93457
15360 105008
126333 113926
53381 31068
3823 67914
140109 151045
238081 228066
4395 47232
326844 336920
215092 225827
84303 95722
602621 592465
139566 150146
94123 11940
100284 24462
340735 353062
325234 337735
477445 467295
183647 173241
214097 225066
345103 356887
355248 340348
10317 71001
449007 438262
95610 22916
600896 589700
108072 90310
139092 151079
34964 11489
448562 438262
338868 323535
334611 323934
86187 54441
65511 82107
35223 78934
113147 17561
182299 170598
131410 119927
72799 20448
345401 357821
79813 56527
352905 342011
291048 302320
132272 120168
19564 90947
450713 439522
10435 26287
120219 133989
338364 323652
249 67747
95352 30079
590947 603994
24968 9859
131547 121412
355101 341064
448586 438132
98199 48365
126805 115166
340578 351782
132204 116666
592672 603215
106245 5385
172545 183910
170513 182724
131368 118874
15702 49067
20719 102965
590225 601114
890312 900406
23396 65981
182904 171042
55208 44530
184077 172791
453032 439138
184481 174419
128879 116519
31631 67967
8317 49769
85783 56934
71846 49959
150093 138408
601457 591214
213965 225810
74574 110702
268434 258253
239125 228985
452436 438850
150562 138643
65699 46976
16776 110207
451803 441552
101996 44298
37812 108632
452466 440023
111901 35233
340598 351117
7659 44449
601973 590962
127809 117061
113511 126343
452885 439783
77041 106977
226716 215220
97448 8566
75999 12062
105713 36084
24488 5810
324072 339250
121954 132985
84448 73208
301233 291217
133208 118696
116326 128005
357000 343670
20534 108018
71791 55003
603465 589984
22426 74824
77254 64945
325050 338218
9037 46196
100789 88474
353945 341307
2020 83536
184222 173013
327013 339913
97803 83613
113189 3574
61098 96960
37086 96765
337223 324581
114369 130438
38838 85620
356732 340691
357053 344337
227229 237972
344533 355917
215776 225821
170755 182629
76984 105241
30712 64347
88971 28056
324788 335676
339866 323464
149548 138904
36063 49991
452023 440354
353320 343203
342057 353032
72239 100923
347034 357247
73033 47782
467434 477636
18625 39750
591299 601530
439257 451666
131944 119426
29393 46589
131054 115794
326631 337266
102065 69481
131885 114543
604547 592983
323922 337460
118511 130455
63475 27164
358237 347144
356676 346001
590012 600944
18880 63124
69548 43251
325959 338528
213520 226764
131989 113734
3039 23729
79782 52990
39212 8729
133917 120592
213529 225399
13718 48921
105481 37688
324355 337892
452800 438772
111037 35326