1 10
100 200
201 210
900 1000
12 98
123 987
1234 9876
12345 98765
123456 987654
21 89
321 789
4321 6789
54321 56789
1 2
42 64
100 200
200 300
300 400
400 500
500 600
600 700
700 800
800 900
900 1000
1000 2000
2000 3000
3000 4000
4000 5000
5000 6000
6000 7000
7000 8000
8000 9000
9000 10000
10000 11000
11000 12000
12000 13000
13000 14000
14000 15000
15000 16000
16000 17000
17000 18000
18000 19000
19000 20000
20000 21000
21000 22000
22000 23000
23000 24000
24000 25000
25000 26000
26000 27000
28000 29000
29000 30000
30000 31000
31000 32000
32000 33000
33000 34000
34000 35000
35000 36000
37000 38000
38000 39000
39000 40000
40000 41000
41000 42000
42000 43000
43000 44000
44000 45000
45000 46000
47000 48000
48000 49000
49000 50000
50000 60000
60000 70000
70000 80000
80000 90000
90000 100000
100000 110000
110000 120000
120000 130000
130000 140000
150000 160000
160000 170000
170000 180000
180000 190000
190000 200000
210000 220000
220000 230000
230000 240000
240000 250000
250000 260000
260000 270000
270000 280000
290000 300000
300000 310000
310000 320000
320000 330000
330000 340000
340000 350000
350000 360000
360000 370000
370000 380000
380000 390000
390000 400000
400000 410000
410000 420000
420000 430000
430000 440000
440000 450000
450000 460000
460000 470000
470000 480000
480000 490000
490000 500000
500000 600000
600000 700000
700000 800000
800000 900000
900000 1000000
42 42
4346 92845
1 7
3 12
1 13
42 45