1 999999
278052 150108
982440 302620
400079 967480
318925 762821
822954 543447
868156 823974
867422 4354
752355 936472
580732 768648
582471 829023
685162 747195
122691 487589
589591 442630
51217 896984
673604 574151
656280 105165
273225 386854
310853 233555
277388 464042
357296 949661
727943 176540
834359 101126
692167 635975
383842 785504
369370 695794
447257 534390
994704 816127
3727 82132
462529 141066
688646 540583
867824 490114
866439 210580
361207 552139
44918 397962
795158 662364
1059 136468
551183 158118
407724 121834
44423 621993
663761 288273
888862 817095
66598 252801
412738 884537
616910 586801
615177 171627
662057 926932
116231 200373
546764 877965
132989 310097
591226 73332
487303 332434
833374 10684
194130 193818
789255 135506
937155 310788
447919 168945
917300 26715
238579 946758
53145 701605
146750 478229
359156 357007
829010 23642
422072 667428
449637 212566
422669 552528
378143 352144
250679 153796
130487 593931
177207 54757
859611 404684
937607 885752
217326 848697
934320 242430
256804 921475
474429 508271
362468 181806
55789 359273
238742 538317
387165 336310
269246 110644
516247 390458
218145 193216
530227 841782
189899 634722
412107 163088
171680 80260
964951 644324
159326 120986
800300 81677
850628 905015
10297 159719
269378 32763
724313 444955
818421 339910
689496 136399
797248 32857
520127 381181
381729 340197
406251 474633
98767 924523
591526 570965
185870 736234
477783 128838
204173 365389
585655 507144
815808 819039
98890 874833
926506 671409
899995 63393
388008 366938
151550 929412
814056 912443
929269 626320
643065 194055
740961 613058
103669 860233
557087 282470
596966 747852
5799 598891
847863 124501
89965 508847
616991 593349
142727 738593
212739 874360
933761 939740
619649 360207
116691 135965
252767 331105
625413 766687
547125 568653
655769 879855
548518 506403
391977 54607
135801 479051
61160 898934
357265 273693
963874 809973
866148 919700
621586 225193
204468 925182
14815 355847
859561 787820
681885 571539
681468 564090
635946 415837
452095 473605
705496 228302
638704 496604
10828 459601
960500 471569
