1 1
2 2
1 10
100 200
201 210
900 1000
1532 15351
218995 334145
775224 775224
692135 692135
661112 661112
803459 803459
576012 576012
13896 869408
22261 854651
39236 843302
128674 128674
206837 296490
254674 254674
621544 621544
353090 353090
35093 347740
238001 484716
129211 460803
374659 374659
928894 928894
65494 65494
68246 738961
757631 757631
284269 284269
730297 931825
110995 821662
263305 870269
533466 766172
768627 768627
7376 796091
332478 765269
129984 129984
566952 637308
168315 251571
666705 666705
511942 819657
307299 963813
126573 426373
880965 880965
837509 837509
741323 852329
773644 773644
340971 461919
455390 455390
785646 785646
884849 884849
12163 12163
672541 931776
676972 676972
96437 96437
170048 370099
621962 621962
370755 879437
982054 982054
185959 814710
126518 126518
793029 793029
450156 719363
172365 444990
819679 997507
543510 593406
131279 131279
724 897247
377447 652296
235711 235711
992558 992558
415826 958718
301449 301449
268022 268022
976914 976914
800377 800377
755174 755174
264368 264368
920928 920928
615830 615830
824011 824011
531398 531398
827187 827187
159036 328330
96861 182553
62995 62995
4269 874521
668631 668631
456996 563846
528537 600502
217867 217867
473127 473127
238177 767731
328937 348073
513806 513806
654705 654705
835106 952925
678334 678334
160126 160126
509811 756171
653679 653679
358245 411252
151563 160236
504312 796280
770773 770773
531402 531402
619694 619694
201331 310631
101247 101247
571068 571068
16611 865600
820009 820009
324183 861917
678181 678181
266357 364240
701499 701499
508762 739520
62148 899443
880179 963238
191504 191504
166247 166247
478133 478133
480519 502174
708203 856080
168330 227126
654943 654943
370175 370175
40617 40617
21536 498337
193660 193660
74644 899784
122882 122882
186755 550199
204700 575307
519428 519428
159342 309332
693602 929697
729720 729720
23257 489741
456176 456176
156729 832795
782696 782696
743946 811108
818888 873852
678715 937728
266740 456325
611752 611752
842142 858182
37399 37399
903072 903072
62784 329692
384023 604510
343139 455304
417027 979332
286164 440876
406349 865830
559193 559193
452122 570656
250700 250700
208093 267183
293607 293607
668373 668373
324047 324047
72957 72957
12360 12360
62726 352987
589385 991325
431329 727620
563664 563664
424130 424130
483328 633333
976829 976829
58595 58595
633011 723448
574349 574349
998817 998817
868638 868638
383510 383510
204751 204751
269990 961646
341790 424327
739286 739286
370674 928145
131399 131399
350898 350898
578999 578999
918014 918014
671057 671057
198334 237452
841804 841804
812149 979286
462215 792791
114512 124839
223662 427034
862798 862798
338627 911320
124846 124846
171602 171602
290416 424748
