577919 609826
532729 578252
869814 887263
630185 847520
486092 585550
730965 904811
896050 963242
989811 991315
507228 674856
530214 974887
478032 703176
151692 678116
532328 954047
401117 584644
898814 981486
505522 600397
743555 906000
143643 962036
16054 567562
71613 475322
844267 947985
403453 412749
990974 996042
861368 935423
184648 635067
491244 512538
484461 942500
740398 833266
556507 736027
989060 993713
494541 601301
599518 693048
112343 762088
833248 934980
647245 868790
989759 992904
546444 553752
304656 668192
466751 731316
251059 915212
463857 867833
121303 476550
281349 964930
456759 748820
370999 913324
348544 357085
943101 986957
431668 549452
999072 999511
888828 985941
611767 724538
804265 909107
452738 926108
21816 949797
889663 993222
76755 202165
415693 593118
215520 375409
106396 876480
312360 695753
482141 612376
100808 930618
909809 929210
55935 618149
59275 65141
546600 674659
54245 708203
425915 828351
767397 801059
15887 946037
525223 837880
245255 639281
68947 880488
363255 807390
654746 798253
222622 440130
60764 767373
20071 875016
964575 986398
761070 803165
686163 906999
978434 989163
374556 805570
982628 984465
171696 963847
233238 992166
339570 536879
729846 863981
475399 601176
298039 672651
304186 806749
283592 295826
596999 755930
96416 735375
392974 601965
401383 836813
423834 718880
619315 858009
570382 723109
484939 863931
357927 481043
394822 888502
286412 687604
389647 654824
903051 923848
926265 951450
689342 867058
260373 403312
730724 899640
440200 925523
328042 830372
716302 883831
354297 763655
366315 694401
38656 886276
204803 477379
359542 409900
119701 561429
863072 915322
46202 389305
27742 48968
154650 491736
23926 666097
951019 968431
495582 704658
61964 70163
110424 494573
129103 992374
959780 961338
155687 993468
270404 622344
622492 691775
102804 680552
170053 713766
359555 375970
254184 664694
584516 717351
920360 989870
917412 977951
61510 155580
