1 10
100 200
201 210
900 1000
887 89384
6916 92778
8336 47794
493 85387
1422 16650
28 2363
60 68691
3927 97764
3427 80541
5737 89173
5369 5212
6430 2568
1531 65783
5124 22863
3136 74068
9803 13930
3059 34023
8168 33070
8457 61394
8043 75012
7374 76230
4920 84422
8538 13785
4325 75199
4371 98316
3527 66414
8981 76092
1874 59957
9171 6863
7282 6997
926 2306
6328 77085
6506 60337
1730 50847
5858 61314
3896 16125
546 19583
3368 98815
365 15435
3751 44044
6809 71088
7179 17277
3585 95789
2652 5404
2400 92755
5061 99933
3369 49677
13 47740
8587 36227
7540 48095
571 40796
379 51435
6602 97468
2903 10098
493 73318
757 26653
281 97302
9442 24287
9690 53866
6620 28445
4730 58441
8118 58032
5772 38098
676 34482
8928 20710
7857 4568
2354 79498
6966 54587
4684 55307
8625 6220
2872 51529
8830 5733
20 9504
3369 58271
6716 59709
8150 26341
724 47797
2246 42619
3452 22847
3556 92922
7489 92380
8229 37765
2351 69842
1501 65194
7765 57035
4915 70125
5857 36988
6492 73744
8366 22228
1937 9860
2552 51433
9229 16438
5408 53276
6122 1475
4396 68859
1238 36030
3794 8236
4429 65819
1012 66144
9530 35929