967047 851367
446884 991540
607556 92781
587557 965645
180725 141531
293076 335880
703667 693748
290422 32311
217926 756875
751804 792039
443541 162679
748979 529867
553705 604116
173583 528794
52159 146967
775379 181927
307870 219883
122706 395007
607202 304389
972360 879480
944826 417759
438092 430406
689876 582324
322702 150212
722723 739138
840395 523533
216204 714511
225361 601042
809238 640660
762918 9232
275668 112493
441026 66822
15348 810863
827532 755115
504150 65848
208892 638845
10877 646432
4750 89829
708240 907397
271738 298354
740834 379344
704399 264549
277798 486096
868042 486980
619445 75253
887733 567101
462937 599415
139482 462768
634479 71829
178943 957300
432479 248139
65987 268220
629530 479086
136989 415885
68125 999299
83643 156715
981421 647252
991827 725276
239357 36310
150316 750679
668163 618399
526641 307882
784553 555471
841260 704904
590083 653521
351498 756841
317714 954220
204764 747245
763352 947924
822933 153481
643931 496033
936632 122662
669962 63450
378249 262665
492078 755245
593707 850525
341269 740427
819882 728301
514709 759527
404820 935747
570997 693812
323233 400913
20433 556505
763689 606662
313771 275630
820776 780432
54356 316039
185475 413834
897283 646697
927717 796519
691173 506462
90262 152523
476006 444868
342810 437591
358258 229284
984352 802522
731000 694531
51112 916986
708857 935548
643927 576395
420943 1994
663620 396637
995431 276626
526737 733626
631910 486313
514496 576448
795009 53537
62808 123712
272121 447556
573220 651450
509756 298226
192009 949544
128042 37392
874261 466944
742592 298379
90516 369381
895193 907038
575458 454258
748056 854179
721430 332462
29688 919579
175223 73102
217611 977564
73242 137014
889953 475244
849393 224292
423116 916846
186543 851785
203891 597871
43488 798749
