1 10
100 200
201 210
900 1000
3 29
6 10 
10 30
30 40
80 90
66 88
10 20
486026 719622
67 88
777 123
1 999999
88 67
90 80 
222 3333
366 222
22 333
1 1000000
22 111
111 22 
314 43143
314 143
1148 1341
2580 254
34 413
143 1431
134 1423
1000 111
31 11 
11 31 
134 14311
13 123
55 188 
143 13111
113 1349
43131 41
413 1000
41 122
33 1111 
413 143134
332 1111
21 3333
332 1111
555 12011
22 22222 
419 1
21 2222
22 8999
33 3333
67 888888
6 9 
9 6 
999 8  
7 22222 
7 11 
55 1111
33 11111 
11 44
6 77789
33 2
78 99
6 111
33 35
33 33
35 33
8 88
88 8
7 777
777 7
76 666
388 888
78 88888 
7 2666
7 1777 
99 222222
6 20 
7 888888 
22 45123 
3 111111 
3 178 
4 1 
3 111190 
7 904 
904 7 
7 88810 
26 666 
31 900 
45 5555 
7 8678 
45 1223 
34 5555 
44 1220 
334 2213 
33 1120 
2000 4 
4 2000 
22 12 
12 21 
33 122 
122 39 
3 1231
4 122 
