1 10
100 200
201 210
900 1000
1 10
100 200
201 210
900 1000
4 4
9 9
10 13
17 18
7 13
8 18
202 331
212 356
433 491
396 475
389 402
237 244
227 248
148 785
316 418
228 264
465 511
255 387
312 641
308 544
446 464
325 178
244 593
263 665
231 461
501 370
289 113
486 840
243 288
294 921
120 679
138 249
595 146
383 808
202 485
533 495
398 541
253 896
249 384
308 981
236 131
156 233
341 317
575 328
484 801
623 882
376 351
522 1069
451 769
577 377
673 283
272 966
187 662
420 614
642 491
406 1070
202 808
365 389
594 684
162 1126
680 331
415 371
184 679
310 611
301 526
283 253
509 1186
275 805
548 1037
532 409
314 1176
426 305
626 424
626 1156
764 1286
515 690
418 477
523 610
269 898
719 1302
330 585
194 634
831 183
585 1171
763 694
635 612
438 899
592 1175
767 308
370 1154
215 239
595 609
717 813
384 585
704 1357
760 1066
449 622
622 679
333 229
489 1379
266 738
497 1179
942 903
841 567
10 512
952 269
27 23
33 37
11 18
15 79
37 44
57 43
58 41
44 63
17 77
33 79
66 88
43 92
91 39
76 50
72 86
41 108
48 161
32 44
83 133
69 126
48 178
72 36
43 59
51 31
149 163
56 229
139 99
155 90
160 112
143 157
146 100
53 169
72 130
172 79
181 158
81 147
131 89
101 250
108 53
69 52
125 339
172 142
197 220
91 181
227 351
57 62
258 178
66 90
86 222
85 124
163 445
222 144
201 299
77 160
117 423
73 465
222 459
257 267
105 489
84 476
96 93
282 475
326 219
329 300
336 331
278 415
341 557
141 313
185 377
282 108
271 322
306 538
131 520
188 344
337 184
