701743 201037
212017 13134
572556 815799
551364 144950
605684 369281
109078 317575
351457 313704
536459 275292
412956 229847
75245 315354
702924 828618
176069 518627
605664 836334
161071 206919
236724 435429
34397 452442
577699 522566
59723 58368
174378 628640
559610 194212
760277 415966
54955 337192
784072 549894
98137 643863
534156 351964
453843 270038
768148 459716
269237 559225
521546 755461
336419 241427
209467 501512
411906 46469
133244 831552
522194 595607
549016 710947
390475 718340
426743 687478
470514 662415
743020 367496
776377 323828
744091 803861
798865 417882
749413 94890
649932 814404
232817 3176
555987 659846
36345 202177
131105 536469
509326 555552
313594 829847
916 3664
399 1596
679 2037
193 386
331 1655
300 1200
524 524
267 534
135 405
638 2552
904 3616
620 2480
152 304
275 550
891 1782
411 411
437 1311
152 760
820 1640
462 1848
297 297
791 3164
392 392
304 912
375 1875
553 1106
596 1788
747 1494
591 2364
645 1935
462 1386
999 3996
310 1240
815 815
927 3708
977 2931
345 1035
321 642
683 2049
492 1968
802 802
892 2676
478 956
171 513
768 768
79 237
920 2760
340 340
212 848
311 622
954 3816
870 2610
486 2430
13 52
967 4835
891 4455
235 235
931 4655
35 140
14 70
370 740
790 3160
879 3516
206 206
33 132
933 1866
826 826
177 708
964 964
423 846
344 344
681 3405
22 88
641 1923
127 508
210 1050
918 3672
646 646
189 378
809 4045
571 1142
60 240
523 1046
550 1100
880 880
69 138
420 840
378 1512
400 800
386 1544
534 2670
401 401
874 3496
114 456
159 159
129 258
957 957
65 260
480 960
585 585
901 2703
241 241
973 4865
658 2632
820 4100
491 491
891 4455
505 1515
305 1525
998 1996
784 2352
746 1492
508 1016
519 1557
871 2613
14 56
479 1437
415 1660
745 1490
669 2007
110 220
320 1600
899 2697
988 3952
567 1134
439 439
782 3128
736 2944
595 1785
251 502
842 3368
809 1618
562 2248
708 2832
633 3165
896 2688
530 2650
804 1608
866 2598
552 1656
337 1348
761 3805
635 635
312 1560
230 690
632 632
878 2634
558 2232
291 1455
515 515