30887 89384
36916 92778
38336 47794
60493 85387
41422 16650
90028 2363
20060 68691
13927 97764
83427 80541
55737 89173
95369 5212
56430 2568
21531 65783
65124 22863
3136 74068
79803 13930
23059 34023
98168 33070
18457 61394
78043 75012
77374 76230
44920 84422
98538 13785
94325 75199
64371 98316
3527 66414
68981 76092
41874 59957
99171 6863
97282 6997
20926 2306
36328 77085
26506 60337
21730 50847
25858 61314
53896 16125
546 19583
33368 98815
90365 15435
13751 44044
26809 71088
47179 17277
93585 95789
2652 5404
12400 92755
95061 99933
93369 49677
10013 47740
98587 36227
97540 48095
80571 40796
60379 51435
66602 97468
12903 10098
70493 73318
60757 26653
60281 97302
9442 24287
29690 53866
46620 28445
44730 58441
8118 58032
5772 38098
90676 34482
98928 20710
77857 4568
72354 79498
76966 54587
64684 55307
28625 6220
32872 51529
48830 5733
30020 9504
63369 58271
86716 59709
18150 26341
724 47797
2246 42619
93452 22847
43556 92922
97489 92380
88229 37765
92351 69842
41501 65194
87765 57035
24915 70125
75857 36988
46492 73744
48366 22228
81937 9860
52552 51433
99229 16438
75408 53276
76122 1475
94396 68859
61238 36030
73794 8236
94429 65819
31012 66144
39530 35929
22405 18777
55764 64444
54539 14614
36841 18607
44819 2905
70689 35129
67918 97370
66997 69918
87744 43325
12184 59471
95500 98491
6726 89773
55591 85645
68140 17506
69787 2955
38083 7670
88465 8543
39508 10198
28805 59356
78612 76349
27829 73623
87344 49300
35569 95747
55423 54341
13811 23312
21802 67606
73731 25662
11306 44879
78737 29321
48627 79445
3466 48523
73417 86709
13259 8283
67638 12925
5625 42063
32037 62601
11900 33453
45551 19380
90072 47469
87132 974
84931 3882
45895 8934
70164 58661
87982 57200
52997 48900
13774 52960
39669 72814
81096 87191
16467 52927
11341 65085
27685 22091
55543 43377
79108 55937
19757 17446
18419 69180
89413 6888
32173 3349
62010 51660
25211 2337
67588 66343
19302 78207
67373 97714
1256 75322
44600 64820
29905 17722
39812 55940
15668 73941
46229 11706
29151 11128
96659 65985
89225 63921
67270 2423
54082 21397
40085 45631
11973 79293
73851 7673
5386 47626
39300 41223
6043 6641
40714 83899
56191 52299
42591 80525
8582 88210
99337 88820
71156 37733
18005 95995
14770 60380
81777 85274
47256 68851
48143 21861
45885 75580
23206 21994
79568 67622
90614 62505
62755 1962
54260 31327
28203 18945
23507 13203
2022 36785
90869 22843