1 10
100 200
201 210
900 1000
364161 517935
588353 429977
122151 513393
857621 285693
427361 255231
31873 633660
212974 676059
395349 5612
560913 233829
388569 52470
226059 500252
757325 507443
466276 719818
322210 171133
835872 735787
175579 674547
524328 539548
897801 610524
384521 443458
723275 460857
464755 381014
118982 357715
588446 898063
527744 325265
685269 831961
235365 939283
447194 1572
712393 38439
604898 81699
907447 41479
507576 25897
48614 77862
302259 69444
33577 711
263212 53298
571932 51220
645510 52358
274279 68911
691867 85090
134878 11194
928131 30364
31677 22684
617672 65335
440756 62551
368948 73011
356846 45475
386667 18323
215021 90926
803822 59781
402118 19020
674948 97747
913867 95369
256444 82114
227619 19741
810268 87029
562838 88384
493457 33871
855883 77489
917647 70297
979107 58058
49465 72169
864748 73819
279171 17414
261024 38389
966184 54685
520551 48275
722958 52418
220079 85533
165711 12022
961219 14918
178485 74186
534611 76961
709918 77975
683117 76559
530743 3456
41334 89692
584995 61546
78227 19174
878896 1948
915372 57980
434654 71187
377473 63681
449451 14986
221273 97425
792206 42506
318335 64265
880083 46444
441138 55266
329391 79856
133920 77223
544688 10405
37981 26734
546408 33344
605381 30786
66324 28956
378244 8455
353683 24657
579515 76338
403009 70111
119585 3179
186404 30479
938183 86642
514494 63861
718354 57431
395066 5859
59995 46751
664184 76630
272099 3476
947040 37201
740846 96197
844215 68578
212819 30830
153292 47282
839350 28318
942099 13386
499417 38709
990071 88797
241038 12691
1257 72662
735034 88364
750201 85470
7814 92736
859715 70178
410510 2274
958595 91827
212245 71371
687967 52518
268865 43687
622075 42379
938500 36027
669150 60885
841015 84757
589366 81638
930331 18415
683367 84137
921835 68231
750131 8550
573775 60847
980903 12355
38919 93785
154608 99558
169106 63107
733670 87165
937052 48459
195926 52423
988828 46742
