600437 626181
164284 232622
648673 679940
744959 824349
334377 390554
559235 571213
391348 404263
275471 362597
146382 162517
286252 298870
496741 533695
382516 385650
380174 434443
77573 162401
101419 186996
207957 220704
281538 344398
557600 641394
183827 243430
553439 580578
252588 258173
274922 282604
790219 798849
159107 217769
246710 277040
263357 312917
131506 174513
677935 720237
178850 211592
233409 299338
705183 710997
161772 241984
303512 355580
130546 142940
466564 554768
339524 372359
266731 309858
228012 267279
720289 752424
237574 276973
81025 131635
73675 123782
40026 67227
564415 648803
51495 75495
690649 776797
483330 541140
711230 715903
179543 263802
350924 426431
279424 330784
733275 808274
116944 142786
261669 327705
54449 147344
470536 549357
22567 101211
436874 499873
188994 221218
155474 254343
109192 145707
255799 275157
734382 743440
144095 152391
322754 415274
717960 730173
627028 725112
463469 533067
391333 429293
796299 887159
341144 350014
677033 774655
75894 92623
466024 499880
85686 183809
683246 687904
74358 77319
103353 187697
634352 637944
666825 671520
766607 865615
619181 679548
97653 111558
180153 243831
211268 211889
789285 855257
98233 124597
689815 694022
513103 597555
408831 505130
657490 725044
505695 570789
120833 200880
42797 90804
77352 110015
397306 470701
491835 559579
677091 717557
331231 412834
355360 447720
665248 671912
241661 278429
703158 716770
689003 702616
427746 432198
759220 778812
141683 159174
726568 758335
586155 608707
452370 463979
564671 569831
187031 273691
132013 175009
650879 677055
113452 154048
87368 183024
114969 178110
725417 746646
526983 537073
495295 588072
