1 10
100 200
100 1000
201 210
900 1000
10336 15099
10887 19654
1122 801
11330 15232
11351 11101
12123 11028
12137 21786
125 2423
12761 8554
12847 28726
13112 16422
13166 31562
133 16956
13421 14771
1412 4869
14146 22407
14325 29816
1451 7699
14551 25438
146 20953
14739 6450
14965 2608
151 1407
15716 3657
16 13130
1609 12493
16578 12871
169 524
16976 18748
173 63704
17412 113
17633 12699
178 373
17800 32518
1867 1638
188 2231
19000 20634
1919 9075
1948 11593
19973 18276
20106 21929
20212 32004
2030 10137
20338 831
20394 19959
20508 7440
21206 8121
21417 15592
21614 9596
219 31522
22112 15389
2221 10732
22335 7538
22514 5236
22574 21883
22917 16840
22946 16134
23 311
230 1576
23359 22456
23960 11675
2415 10570
24247 4705
24434 18234
24476 6700
24452 30671
24624 184173
24693 15052
250 413
25252 25252
253430 498
25428 18896
26989 7101
2724 27447
27491 25277
27681 4348
28220 20017
28646 8124
28867 10660
29346 3164
30533 4372
30747 27882
31326 14827
31695 4426
317 17929
31826 2960
32014 16957
3203 30748
32094 16192
3230 14935
3390 3223
4537 3537
553545 556
64 1915
6462 796
7025 15252
738 1747
7394 24769
884 438
92049 106490
9071 31069
9791 20635