1 608932

2 30530

3 107384

4 166725

5 545119

6 69597

7 605576

8 602231

9 14966

10 195532

11 920425

12 690313

13 958189

14 201671

15 115020

16 731006

17 770318

18 506139

19 343862

20 697855

21 121498

22 558669

23 658182

24 250757

25 226992

26 486474

27 875224

28 891166

29 419120

30 407543

31 729642

32 977736

33 409875

34 266957

35 877023

36 272232

37 104076

38 735562

39 364566

40 450281

41 913236

42 189795

43 897259

44 107891

45 154174

46 143967

47 912049

48 137064

49 708665

50 909816

51 264506

52 920776

53 836498

54 523856

55 336551

56 578894

57 507201

58 294942

59 784781

60 223902

61 360319

62 520936

63 934665

64 566073

65 263674

66 346614

67 66865

68 267929

69 968029

70 442497

71 309842

72 507614

73 735714

74 920698

75 59373

76 873660

77 605325

78 676762

79 416703

80 90673

81 68357

82 201309

83 344505

84 440929

85 122581

86 984213

87 841877

88 371043

89 228788

90 586611

91 430741

92 481235

93 229821

94 150025

95 241551

96 552117

97 653697

98 62915

99 375792

100 804120

101 964858

102 188449

103 377705

104 345997

105 231191

106 395137

107 707703

108 194108

109 363732

110 60384

111 183869

112 641783

113 556512

114 234134

115 295797

116 446638

117 814274

118 136799

119 586529

120 277081

121 379867

122 287365

123 529007

124 951272

125 361453

126 279601

127 496298

128 376744

129 154159
